1.49643 -2.00018 -0.00037024 14.9285 -0.0074048 -0.0631361 -0.637755 0.029899 0 -10 -2 25 2 30 -2 65 2 65 -2 95 2 100 -2 140 2 135 -2 -30 2 1
2.98177 -2.00294 -0.00182069 14.8499 -0.0141994 -0.0567019 -0.713213 0.007543 1 -9 -2 26.1 2 30.9 -2 66.05 2 65.95 -2 96.02 2 101.08 -2 140.92 2 135.98 -2 -29 2 1
4.45626 -2.00867 -0.00378356 14.7187 -0.0182634 -0.0338907 -1.20955 0.008859 2 -8 -2 27.2 2 31.8 -2 67.1 2 66.9 -2 97.04 2 102.16 -2 141.84 2 136.96 -2 -28 2 1
5.91755 -2.0175 -0.00602215 14.6387 -0.0224446 -0.0326078 -0.740231 0.008775 3 -7 -2 28.3 2 32.7 -2 68.15 2 67.85 -2 98.06 2 103.24 -2 142.76 2 137.94 -2 -27 2 1
7.37201 -2.03005 -0.00847612 14.5313 -0.0224536 0.00215532 -1.00377 0.008441 4 -6 -2 29.4 2 33.6 -2 69.2 2 68.8 -2 99.08 2 104.32 -2 143.68 2 138.92 -2 -26 2 1
8.81602 -2.04551 -0.0106415 14.4578 -0.0208453 0.0150827 -0.694009 0.008401 5 -5 -2 30.5 2 34.5 -2 70.25 2 69.75 -2 100.1 2 105.4 -2 144.6 2 139.9 -2 -25 2 1
10.2524 -2.06357 -0.0125504 14.3464 -0.0189417 0.0179365 -1.05526 0.008485 6 -4 -2 31.6 2 35.4 -2 71.3 2 70.7 -2 101.12 2 106.48 -2 145.52 2 140.88 -2 -24 2 1
11.6783 -2.08392 -0.0142679 14.286 -0.0173113 0.0159912 -0.582539 0.006968 7 -3 -2 32.7 2 36.3 -2 72.35 2 71.65 -2 102.14 2 107.56 -2 146.44 2 141.86 -2 -23 2 1
13.1028 -2.10648 -0.0158314 14.2677 -0.015589 0.0167015 -0.173558 0.007994 8 -2 -2 33.8 2 37.2 -2 73.4 2 72.6 -2 103.16 2 108.64 -2 147.36 2 142.84 -2 -22 2 1
14.5227 -2.131 -0.017353 14.1522 -0.0165651 -0.00592387 -1.093 0.006786 9 -1 -2 34.9 2 38.1 -2 74.45 2 73.55 -2 104.18 2 109.72 -2 148.28 2 143.82 -2 -21 2 1
15.9281 -2.15767 -0.0186663 14.0761 -0.00872425 0.0719529 -0.729397 0.00587 10 0 -2 36 2 39 -2 75.5 2 74.5 -2 105.2 2 110.8 -2 149.2 2 144.8 -2 -20 2 1
17.3288 -2.18391 -0.0187016 14.0187 0.000176252 0.0813246 -0.55446 0.001897 11 1 -2 37.1 2 39.9 -2 76.55 2 75.45 -2 106.22 2 111.88 -2 150.12 2 145.78 -2 -19 2 1
18.725 -2.20877 -0.0178246 13.9679 0.00846423 0.0749363 -0.491156 0.001865 12 2 -2 38.2 2 40.8 -2 77.6 2 76.4 -2 107.24 2 112.96 -2 151.04 2 146.76 -2 -18 2 1
20.1162 -2.23121 -0.0161236 13.9098 0.0172665 0.0790368 -0.562601 0.001925 13 3 -2 39.3 2 41.7 -2 78.65 2 77.35 -2 108.26 2 114.04 -2 151.96 2 147.74 -2 -17 2 1
21.5021 -2.24998 -0.013621 13.869 0.0239839 0.0594097 -0.393177 0.001884 14 4 -2 40.4 2 42.6 -2 79.7 2 78.3 -2 109.28 2 115.12 -2 152.88 2 148.72 -2 -16 2 1
22.8827 -2.26456 -0.0106307 13.7847 0.0291058 0.044192 -0.818108 0.001927 15 5 -2 41.5 2 43.5 -2 80.75 2 79.25 -2 110.3 2 116.2 -2 153.8 2 149.7 -2 -15 2 1
24.2535 -2.27456 -0.00752648 13.7179 0.027856 -0.0122967 -0.650182 0.001903 16 6 -2 42.6 2 44.4 -2 81.8 2 80.2 -2 111.32 2 117.28 -2 154.72 2 150.68 -2 -14 2 1
25.617 -2.2812 -0.00493685 13.6183 0.0251864 -0.0249573 -0.972678 0.001916 17 7 -2 43.7 2 45.3 -2 82.85 2 81.15 -2 112.34 2 118.36 -2 155.64 2 151.66 -2 -13 2 1
26.969 -2.28481 -0.00268526 13.5221 0.022515 -0.024948 -0.939837 0.001902 18 8 -2 44.8 2 46.2 -2 83.9 2 82.1 -2 113.36 2 119.44 -2 156.56 2 152.64 -2 -12 2 1
28.3094 -2.28572 -0.000686991 13.3802 0.0201216 -0.0223837 -1.38879 0.003754 19 9 -2 45.9 2 47.1 -2 84.95 2 83.05 -2 114.38 2 120.52 -2 157.48 2 153.62 -2 -11 2 1
29.6337 -2.28425 0.00109475 13.2478 0.0179067 -0.0207279 -1.29608 0.001907 20 10 -2 47 2 48 -2 86 2 84 -2 115.4 2 121.6 -2 158.4 2 154.6 -2 -10 2 1
30.9455 -2.28073 0.0026715 13.1221 0.0158432 -0.0193147 -1.2296 0.001917 21 11 -2 48.1 2 48.9 -2 87.05 2 84.95 -2 116.42 2 122.68 -2 159.32 2 155.58 -2 -9 2 1
32.2428 -2.27546 0.00406285 12.9498 0.0140472 -0.0169016 -1.68718 0.001967 22 12 -2 49.2 2 49.8 -2 88.1 2 85.9 -2 117.44 2 123.76 -2 160.24 2 156.56 -2 -8 2 1
33.5211 -2.26867 0.00529358 12.7877 0.0123635 -0.0158355 -1.58666 0.001922 23 13 -2 50.3 2 50.7 -2 89.15 2 86.85 -2 118.46 2 124.84 -2 161.16 2 157.54 -2 -7 2 1
34.7841 -2.26062 0.00636693 12.6343 0.0107874 -0.0148255 -1.50208 0.001883 24 14 -2 51.4 2 51.6 -2 90.2 2 87.8 -2 119.48 2 125.92 -2 162.08 2 158.52 -2 -6 2 1
36.0325 -2.25151 0.00729323 12.489 0.00931451 -0.0138549 -1.42203 0.001886 25 15 -2 52.5 2 52.5 -2 91.25 2 88.75 -2 120.5 2 127 -2 163 2 159.5 -2 -5 2 1
37.2646 -2.24154 0.00808867 12.2978 0.00806722 -0.0118579 -1.87242 0.001878 26 16 -2 53.6 2 53.4 -2 92.3 2 89.7 -2 121.52 2 128.08 -2 163.92 2 160.48 -2 -4 2 1
38.4757 -2.2309 0.00877348 12.1176 0.0068763 -0.0112835 -1.76481 0.001899 27 17 -2 54.7 2 54.3 -2 93.35 2 90.65 -2 122.54 2 129.16 -2 164.84 2 161.46 -2 -3 2 1
39.6699 -2.21973 0.0093455 11.9471 0.00575506 -0.0106159 -1.66972 0.001878 28 18 -2 55.8 2 55.2 -2 94.4 2 91.6 -2 123.56 2 130.24 -2 165.76 2 162.44 -2 -2 2 1
40.848 -2.20817 0.00981239 11.7857 0.00470391 -0.0099445 -1.57972 0.001904 29 19 -2 56.9 2 56.1 -2 95.45 2 92.55 -2 124.58 2 131.32 -2 166.68 2 163.42 -2 -1 2 1
42.0108 -2.19633 0.0101811 11.6331 0.00372127 -0.00928591 -1.49457 0.001913 30 20 -2 58 2 57 -2 96.5 2 93.5 -2 125.6 2 132.4 -2 167.6 2 164.4 -2 0 2 1
43.1592 -2.18432 0.0104583 11.4886 0.0028055 -0.00864106 -1.41402 0.001879 31 21 -2 59.1 2 57.9 -2 97.55 2 94.45 -2 126.62 2 133.48 -2 168.52 2 165.38 -2 1 2 1
44.2939 -2.17223 0.0106505 11.352 0.00195506 -0.00800988 -1.33781 0.001889 32 22 -2 60.2 2 58.8 -2 98.6 2 95.4 -2 127.64 2 134.56 -2 169.44 2 166.36 -2 2 2 1
45.413 -2.16018 0.0107693 11.1688 0.00127109 -0.00656618 -1.79335 0.001941 33 23 -2 61.3 2 59.7 -2 99.65 2 96.35 -2 128.66 2 135.64 -2 170.36 2 167.34 -2 3 2 1
46.5121 -2.14828 0.0108292 10.9962 0.00060977 -0.00629234 -1.6901 0.001924 34 24 -2 62.4 2 60.6 -2 100.7 2 97.3 -2 129.68 2 136.72 -2 171.28 2 168.32 -2 4 2 1
47.5948 -2.13656 0.0108262 10.833 -8.26784e-06 -0.00586164 -1.59848 0.001883 35 25 -2 63.5 2 61.5 -2 101.75 2 98.25 -2 130.7 2 137.8 -2 172.2 2 169.3 -2 5 2 1
48.6622 -2.12507 0.0107658 10.6786 -0.000580807 -0.00541316 -1.51175 0.001887 36 26 -2 64.6 2 62.4 -2 102.8 2 99.2 -2 131.72 2 138.88 -2 173.12 2 170.28 -2 6 2 1
49.715 -2.11386 0.0106528 10.5326 -0.00110772 -0.0049645 -1.42967 0.00188 37 27 -2 65.7 2 63.3 -2 103.85 2 100.15 -2 132.74 2 139.96 -2 174.04 2 171.26 -2 7 2 1
50.754 -2.10296 0.0104916 10.3945 -0.0015893 -0.00451962 -1.35201 0.001891 38 28 -2 66.8 2 64.2 -2 104.9 2 101.1 -2 133.76 2 141.04 -2 174.96 2 172.24 -2 8 2 1
51.78 -2.09241 0.0102867 10.264 -0.00202608 -0.00408109 -1.27852 0.003694 39 29 -2 67.9 2 65.1 -2 105.95 2 102.05 -2 134.78 2 142.12 -2 175.88 2 173.22 -2 9 2 1
52.7936 -2.08224 0.0100426 10.1405 -0.00241883 -0.00365122 -1.20898 0.001882 40 30 -2 69 2 66 -2 107 2 103 -2 135.8 2 143.2 -2 176.8 2 174.2 -2 10 2 1
53.7956 -2.07246 0.00976363 10.0237 -0.00276855 -0.00323212 -1.14317 0.001924 41 31 -2 70.1 2 66.9 -2 108.05 2 103.95 -2 136.82 2 144.28 -2 177.72 2 175.18 -2 11 2 1
54.7865 -2.0631 0.0094539 9.9133 -0.00307642 -0.00282573 -1.08089 0.001924 42 32 -2 71.2 2 67.8 -2 109.1 2 104.9 -2 137.84 2 145.36 -2 178.64 2 176.16 -2 12 2 1
55.7671 -2.05416 0.00911749 9.80891 -0.00334381 -0.00243375 -1.02196 0.001899 43 33 -2 72.3 2 68.7 -2 110.15 2 105.85 -2 138.86 2 146.44 -2 179.56 2 177.14 -2 13 2 1
56.7378 -2.04567 0.00875832 9.71021 -0.00357225 -0.00205767 -0.966185 0.00188 44 34 -2 73.4 2 69.6 -2 111.2 2 106.8 -2 139.88 2 147.52 -2 180.48 2 178.12 -2 14 2 1
57.6992 -2.03761 0.00838012 9.6169 -0.0037634 -0.00169873 -0.913404 0.001885 45 35 -2 74.5 2 70.5 -2 112.25 2 107.75 -2 140.9 2 148.6 -2 181.4 2 179.1 -2 15 2 1
58.6518 -2.03001 0.00798644 9.52869 -0.00391904 -0.00135796 -0.863452 0.001879 46 36 -2 75.6 2 71.4 -2 113.3 2 108.7 -2 141.92 2 149.68 -2 182.32 2 180.08 -2 16 2 1
59.596 -2.02286 0.00758065 9.44531 -0.00404106 -0.00103617 -0.816177 0.001883 47 37 -2 76.7 2 72.3 -2 114.35 2 109.65 -2 142.94 2 150.76 -2 183.24 2 181.06 -2 17 2 1
60.5324 -2.01615 0.00716593 9.3665 -0.00413139 -0.000733944 -0.771434 0.001909 48 38 -2 77.8 2 73.2 -2 115.4 2 110.6 -2 143.96 2 151.84 -2 184.16 2 182.04 -2 18 2 1
61.4614 -2.00989 0.00674524 9.29201 -0.00419202 -0.000451668 -0.729085 0.001935 49 39 -2 78.9 2 74.1 -2 116.45 2 111.55 -2 144.98 2 152.92 -2 185.08 2 183.02 -2 19 2 1
62.3833 -2.00406 0.00632136 9.22162 -0.00422499 -0.000189549 -0.689001 0.001924 50 40 -2 80 2 75 -2 117.5 2 112.5 -2 146 2 154 -2 186 2 184 -2 20 2 1
63.2986 -1.99867 0.00589684 9.1551 -0.00423234 5.23793e-05 -0.651058 0.001876 51 41 -2 81.1 2 75.9 -2 118.55 2 113.45 -2 147.02 2 155.08 -2 186.92 2 184.98 -2 21 2 1
64.2077 -1.9937 0.00547405 9.09225 -0.00421609 0.00027424 -0.61514 0.00193 52 42 -2 82.2 2 76.8 -2 119.6 2 114.4 -2 148.04 2 156.16 -2 187.84 2 185.96 -2 22 2 1
65.1108 -1.98913 0.00505515 9.03288 -0.00417828 0.000476294 -0.581136 0.001926 53 43 -2 83.3 2 77.7 -2 120.65 2 115.35 -2 149.06 2 157.24 -2 188.76 2 186.94 -2 23 2 1
66.0083 -1.98497 0.00464208 8.97679 -0.00412088 0.000658927 -0.548942 0.001898 54 44 -2 84.4 2 78.6 -2 121.7 2 116.3 -2 150.08 2 158.32 -2 189.68 2 187.92 -2 24 2 1
66.9005 -1.98119 0.00423661 8.92382 -0.00404584 0.000822633 -0.518458 0.001919 55 45 -2 85.5 2 79.5 -2 122.75 2 117.25 -2 151.1 2 159.4 -2 190.6 2 188.9 -2 25 2 1
67.7877 -1.97779 0.00384032 8.8738 -0.00395504 0.000967998 -0.489589 0.001881 56 46 -2 86.6 2 80.4 -2 123.8 2 118.2 -2 152.12 2 160.48 -2 191.52 2 189.88 -2 26 2 1
68.6702 -1.97474 0.00345459 8.82658 -0.00385033 0.00109569 -0.462247 0.001866 57 47 -2 87.7 2 81.3 -2 124.85 2 119.15 -2 153.14 2 161.56 -2 192.44 2 190.86 -2 27 2 1
69.5483 -1.97204 0.00308064 8.782 -0.00373345 0.00120643 -0.436346 0.001866 58 48 -2 88.8 2 82.2 -2 125.9 2 120.1 -2 154.16 2 162.64 -2 193.36 2 191.84 -2 28 2 1
70.4222 -1.96966 0.00271951 8.73993 -0.00360608 0.00130102 -0.411806 0.001927 59 49 -2 89.9 2 83.1 -2 126.95 2 121.05 -2 155.18 2 163.72 -2 194.28 2 192.82 -2 29 2 1
71.2921 -1.9676 0.00237208 8.70024 -0.00346983 0.00138027 -0.38855 0.001916 60 50 -2 91 2 84 -2 128 2 122 -2 156.2 2 164.8 -2 195.2 2 193.8 -2 30 2 1
72.1582 -1.96584 0.00203909 8.66281 -0.00332621 0.00144503 -0.366505 0.00189 61 51 -2 92.1 2 84.9 -2 129.05 2 122.95 -2 157.22 2 165.88 -2 196.12 2 194.78 -2 31 2 1
73.0209 -1.96435 0.00172113 8.62751 -0.00317665 0.0014962 -0.345602 0.001926 62 52 -2 93.2 2 85.8 -2 130.1 2 123.9 -2 158.24 2 166.96 -2 197.04 2 195.76 -2 32 2 1
73.8802 -1.96314 0.00141865 8.59424 -0.0030225 0.00153464 -0.325773 0.001923 63 53 -2 94.3 2 86.7 -2 131.15 2 124.85 -2 159.26 2 168.04 -2 197.96 2 196.74 -2 33 2 1
74.7364 -1.96217 0.00113198 8.5629 -0.002865 0.00156126 -0.306957 0.001884 64 54 -2 95.4 2 87.6 -2 132.2 2 125.8 -2 160.28 2 169.12 -2 198.88 2 197.72 -2 34 2 1
75.5896 -1.96143 0.00086134 8.53339 -0.00270531 0.00157693 -0.289092 0.001876 65 55 -2 96.5 2 88.5 -2 133.25 2 126.75 -2 161.3 2 170.2 -2 199.8 2 198.7 -2 35 2 1
76.4401 -1.96092 0.000606833 8.50561 -0.00254451 0.00158254 -0.27212 0.001886 66 56 -2 97.6 2 89.4 -2 134.3 2 127.7 -2 162.32 2 171.28 -2 200.72 2 199.68 -2 36 2 1
77.288 -1.96061 0.000368468 8.47949 -0.00238358 0.00157895 -0.255986 0.001878 67 57 -2 98.7 2 90.3 -2 135.35 2 128.65 -2 163.34 2 172.36 -2 201.64 2 200.66 -2 37 2 1
78.1334 -1.96048 0.000146166 8.45494 -0.00222341 0.00156699 -0.240637 0.003769 68 58 -2 99.8 2 91.2 -2 136.4 2 129.6 -2 164.36 2 173.44 -2 202.56 2 201.64 -2 38 2 1
78.9765 -1.96054 -6.02372e-05 8.43189 -0.00206482 0.00154747 -0.22602 0.001928 69 59 -2 100.9 2 92.1 -2 137.45 2 130.55 -2 165.38 2 174.52 -2 203.48 2 202.62 -2 39 2 1
79.8175 -1.96075 -0.000250976 8.41027 -0.00190854 0.0015212 -0.212087 0.001954 70 60 -2 102 2 93 -2 138.5 2 131.5 -2 166.4 2 175.6 -2 204.4 2 203.6 -2 40 2 1
80.6564 -1.9611 -0.00042635 8.39001 -0.00175523 0.00148892 -0.198788 0.001882 71 61 -2 103.1 2 93.9 -2 139.55 2 132.45 -2 167.42 2 176.68 -2 205.32 2 204.58 -2 41 2 1
81.4934 -1.9616 -0.000586718 8.37106 -0.00160545 0.00145135 -0.186076 0.001913 72 62 -2 104.2 2 94.8 -2 140.6 2 133.4 -2 168.44 2 177.76 -2 206.24 2 205.56 -2 42 2 1
82.3287 -1.96221 -0.000732488 8.35336 -0.00145973 0.00140919 -0.173905 0.00193 73 63 -2 105.3 2 95.7 -2 141.65 2 134.35 -2 169.46 2 178.84 -2 207.16 2 206.54 -2 43 2 1
83.1623 -1.96293 -0.000864113 8.33686 -0.00131849 0.00136309 -0.162228 0.001877 74 64 -2 106.4 2 96.6 -2 142.7 2 135.3 -2 170.48 2 179.92 -2 208.08 2 207.52 -2 44 2 1
83.9944 -1.96375 -0.000982081 8.32152 -0.00118211 0.00131365 -0.151002 0.001924 75 65 -2 107.5 2 97.5 -2 143.75 2 136.25 -2 171.5 2 181 -2 209 2 208.5 -2 45 2 1
84.8251 -1.96465 -0.00108691 8.30729 -0.00105091 0.00126147 -0.14018 0.001877 76 66 -2 108.6 2 98.4 -2 144.8 2 137.2 -2 172.52 2 182.08 -2 209.92 2 209.48 -2 46 2 1
85.6545 -1.96563 -0.00117915 8.29414 -0.00092513 0.00120708 -0.129718 0.001892 77 67 -2 109.7 2 99.3 -2 145.85 2 138.15 -2 173.54 2 183.16 -2 210.84 2 210.46 -2 47 2 1
86.4826 -1.96667 -0.00125937 8.28204 -0.000804986 0.00115098 -0.11957 0.001893 78 68 -2 110.8 2 100.2 -2 146.9 2 139.1 -2 174.56 2 184.24 -2 211.76 2 211.44 -2 48 2 1
87.3096 -1.96777 -0.00132815 8.27095 -0.000690625 0.00109363 -0.109689 0.001926 79 69 -2 111.9 2 101.1 -2 147.95 2 140.05 -2 175.58 2 185.32 -2 212.68 2 212.42 -2 49 2 1
88.1357 -1.96891 -0.00138607 8.26087 -0.000582157 0.00103547 -0.100029 0.001878 80 70 -2 113 2 102 -2 149 2 141 -2 176.6 2 186.4 -2 213.6 2 213.4 -2 50 2 1
88.9608 -1.9701 -0.00143373 8.25177 -0.000479647 0.000976885 -0.090541 0.001888 81 71 -2 114.1 2 102.9 -2 150.05 2 141.95 -2 177.62 2 187.48 -2 214.52 2 214.38 -2 51 2 1
89.7851 -1.97131 -0.00147175 8.24363 -0.000383123 0.000918235 -0.0811758 0.001879 82 72 -2 115.2 2 103.8 -2 151.1 2 142.9 -2 178.64 2 188.56 -2 215.44 2 215.36 -2 52 2 1
90.6087 -1.97254 -0.0015007 8.23647 -0.000292577 0.000859842 -0.0718824 0.001922 83 73 -2 116.3 2 104.7 -2 152.15 2 143.85 -2 179.66 2 189.64 -2 216.36 2 216.34 -2 53 2 1
91.4317 -1.9738 -0.0015212 8.23027 -0.00020797 0.000801995 -0.0626089 0.001875 84 74 -2 117.4 2 105.6 -2 153.2 2 144.8 -2 180.68 2 190.72 -2 217.28 2 217.32 -2 54 2 1
92.2542 -1.97506 -0.00153383 8.22503 -0.000129237 0.000744954 -0.0533023 0.001954 85 75 -2 118.5 2 106.5 -2 154.25 2 145.75 -2 181.7 2 191.8 -2 218.2 2 218.3 -2 55 2 1
93.0762 -1.97632 -0.00153917 8.22078 -5.62853e-05 0.000688947 -0.0439094 0.001884 86 76 -2 119.6 2 107.4 -2 155.3 2 146.7 -2 182.72 2 192.88 -2 219.12 2 219.28 -2 56 2 1
93.8979 -1.97759 -0.00153779 8.21751 1.09974e-05 0.000634171 -0.0343775 0.001876 87 77 -2 120.7 2 108.3 -2 156.35 2 147.65 -2 183.74 2 193.96 -2 220.04 2 220.26 -2 57 2 1
94.7194 -1.97884 -0.00153024 8.21527 7.27431e-05 0.000580799 -0.0246557 0.001917 88 78 -2 121.8 2 109.2 -2 157.4 2 148.6 -2 184.76 2 195.04 -2 220.96 2 221.24 -2 58 2 1
95.5407 -1.98009 -0.00151706 8.21406 0.0001291 0.000528976 -0.0146968 0.001933 89 79 -2 122.9 2 110.1 -2 158.45 2 149.55 -2 185.78 2 196.12 -2 221.88 2 222.22 -2 59 2 1
96.362 -1.98132 -0.00149878 8.21393 0.000180228 0.000478822 -0.00445903 0.00188 90 80 -2 124 2 111 -2 159.5 2 150.5 -2 186.8 2 197.2 -2 222.8 2 223.2 -2 60 2 1
97.1835 -1.98253 -0.00147589 8.21491 0.0002263 0.000430434 0.0060911 0.001916 91 81 -2 125.1 2 111.9 -2 160.55 2 151.45 -2 187.82 2 198.28 -2 223.72 2 224.18 -2 61 2 1
98.0051 -1.98372 -0.0014489 8.21702 0.000267497 0.000383889 0.0169766 0.00188 92 82 -2 126.2 2 112.8 -2 161.6 2 152.4 -2 188.84 2 199.36 -2 224.64 2 225.16 -2 62 2 1
98.8271 -1.98489 -0.00141827 8.22032 0.000304005 0.000339245 0.0282078 0.001893 93 83 -2 127.3 2 113.7 -2 162.65 2 153.35 -2 189.86 2 200.44 -2 225.56 2 226.14 -2 63 2 1
99.6495 -1.98603 -0.00138444 8.22483 0.000336016 0.000296542 0.0397799 0.001881 94 84 -2 128.4 2 114.6 -2 163.7 2 154.3 -2 190.88 2 201.52 -2 226.48 2 227.12 -2 64 2 1
100.473 -1.98714 -0.00134785 8.23059 0.000363724 0.000255806 0.0516727 0.002002 95 85 -2 129.5 2 115.5 -2 164.75 2 155.25 -2 191.9 2 202.6 -2 227.4 2 228.1 -2 65 2 1
101.296 -1.98821 -0.00130891 8.23764 0.000387327 0.000217051 0.0638503 0.001928 96 86 -2 130.6 2 116.4 -2 165.8 2 156.2 -2 192.92 2 203.68 -2 228.32 2 229.08 -2 66 2 1
102.121 -1.98926 -0.00126802 8.24599 0.00040702 0.00018028 0.0762624 0.001879 97 87 -2 131.7 2 117.3 -2 166.85 2 157.15 -2 193.94 2 204.76 -2 229.24 2 230.06 -2 67 2 1
102.946 -1.99027 -0.00122553 8.25567 0.000423 0.000145485 0.0888464 0.00188 98 88 -2 132.8 2 118.2 -2 167.9 2 158.1 -2 194.96 2 205.84 -2 230.16 2 231.04 -2 68 2 1
103.773 -1.99125 -0.00118181 8.2667 0.00043546 0.000112652 0.101531 0.00188 99 89 -2 133.9 2 119.1 -2 168.95 2 159.05 -2 195.98 2 206.92 -2 231.08 2 232.02 -2 69 2 1
104.601 -1.99219 -0.00113718 8.27906 0.000444594 8.17583e-05 0.114238 0.001886 100 90 -2 135 2 120 -2 170 2 160 -2 197 2 208 -2 232 2 233 -2 70 2 1
105.43 -1.99309 -0.00109197 8.29277 0.000450591 5.27743e-05 0.126887 0.001866 101 91 -2 136.1 2 120.9 -2 171.05 2 160.95 -2 198.02 2 209.08 -2 232.92 2 233.98 -2 71 2 1
106.261 -1.99396 -0.00104645 8.3078 0.000453636 2.56631e-05 0.139398 0.001899 102 92 -2 137.2 2 121.8 -2 172.1 2 161.9 -2 199.04 2 210.16 -2 233.84 2 234.96 -2 72 2 1
107.093 -1.9948 -0.00100093 8.32415 0.00045391 3.79606e-07 0.151694 0.002169 103 93 -2 138.3 2 122.7 -2 173.15 2 162.85 -2 200.06 2 211.24 -2 234.76 2 235.94 -2 73 2 1
107.927 -1.99559 -0.000955637 8.34177 0.000451587 -2.313e-05 0.1637 0.001885 104 94 -2 139.4 2 123.6 -2 174.2 2 163.8 -2 201.08 2 212.32 -2 235.68 2 236.92 -2 74 2 1
108.763 -1.99636 -0.000910832 8.36064 0.000446836 -4.49294e-05 0.175348 0.001902 105 95 -2 140.5 2 124.5 -2 175.25 2 164.75 -2 202.1 2 213.4 -2 236.6 2 237.9 -2 75 2 1
109.601 -1.99708 -0.000866737 8.38071 0.000439817 -6.50932e-05 0.186576 0.001894 106 96 -2 141.6 2 125.4 -2 176.3 2 165.7 -2 203.12 2 214.48 -2 237.52 2 238.88 -2 76 2 1
110.441 -1.99777 -0.000823563 8.40193 0.000430681 -8.37084e-05 0.197325 0.00427 107 97 -2 142.7 2 126.3 -2 177.35 2 166.65 -2 204.14 2 215.56 -2 238.44 2 239.86 -2 77 2 1
111.284 -1.99843 -0.000781507 8.42426 0.000419568 -0.000100876 0.207544 0.001879 108 98 -2 143.8 2 127.2 -2 178.4 2 167.6 -2 205.16 2 216.64 -2 239.36 2 240.84 -2 78 2 1
112.128 -1.99906 -0.000740754 8.44764 0.000406604 -0.000116711 0.217184 0.001938 109 99 -2 144.9 2 128.1 -2 179.45 2 168.55 -2 206.18 2 217.72 -2 240.28 2 241.82 -2 79 2 1
112.975 -1.99965 -0.000701477 8.472 0.0003919 -0.000131348 0.226199 0.001938 110 100 -2 146 2 129 -2 180.5 2 169.5 -2 207.2 2 218.8 -2 241.2 2 242.8 -2 80 2 1
113.825 -2.00022 -0.00066384 8.49727 0.000375552 -0.000144938 0.234541 0.00188 111 101 -2 147.1 2 129.9 -2 181.55 2 170.45 -2 208.22 2 219.88 -2 242.12 2 243.78 -2 81 2 1
114.677 -2.00075 -0.000627998 8.5234 0.000357633 -0.000157649 0.24216 0.001879 112 102 -2 148.2 2 130.8 -2 182.6 2 171.4 -2 209.24 2 220.96 -2 243.04 2 244.76 -2 82 2 1
115.532 -2.00126 -0.000594103 8.55029 0.000338196 -0.000169662 0.249002 0.001892 113 103 -2 149.3 2 131.7 -2 183.65 2 172.35 -2 210.26 2 222.04 -2 243.96 2 245.74 -2 83 2 1
116.39 -2.00174 -0.000562301 8.57789 0.000317272 -0.000181156 0.255016 0.001878 114 104 -2 150.4 2 132.6 -2 184.7 2 173.3 -2 211.28 2 223.12 -2 244.88 2 246.72 -2 84 2 1
117.251 -2.0022 -0.00053274 8.6061 0.000294871 -0.000192253 0.260241 0.001937 115 105 -2 151.5 2 133.5 -2 185.75 2 174.25 -2 212.3 2 224.2 -2 245.8 2 247.7 -2 85 2 1
118.114 -2.00264 -0.000505566 8.63497 0.000271003 -0.000202884 0.265333 0.001887 116 106 -2 152.6 2 134.4 -2 186.8 2 175.2 -2 213.32 2 225.28 -2 246.72 2 248.68 -2 86 2 1
118.981 -2.00305 -0.000480923 8.66509 0.000245728 -0.000212399 0.275474 0.001886 117 107 -2 153.7 2 135.3 -2 187.85 2 176.15 -2 214.34 2 226.36 -2 247.64 2 249.66 -2 87 2 1
119.851 -2.00345 -0.000458925 8.70265 0.000219502 -0.000217117 0.342012 0.001922 118 108 -2 154.8 2 136.2 -2 188.9 2 177.1 -2 215.36 2 227.44 -2 248.56 2 250.64 -2 88 2 1
120.728 -2.00384 -0.000438534 8.81581 0.000214548 -3.40183e-05 1.04374 0.004348 119 109 -2 155.9 2 137.1 -2 189.95 2 178.05 -2 216.38 2 228.52 -2 249.48 2 251.62 -2 89 2 1
121.623 -2.00421 -0.000426595 8.95636 2.91976e-05 -0.00170057 1.28706 0.007788 120 110 -2 157 2 138 -2 191 2 179 -2 217.4 2 229.6 -2 250.4 2 252.6 -2 90 2 1
122.533 -2.00456 -0.000253554 9.11945 0.00361697 0.0328125 1.47469 0.006726 121 111 -2 158.1 2 138.9 -2 192.05 2 179.95 -2 218.42 2 230.68 -2 251.32 2 253.58 -2 91 2 1
123.456 -2.00415 0.000446539 9.16988 0.00679712 0.0231513 0.434853 0.008986 122 112 -2 159.2 2 139.8 -2 193.1 2 180.9 -2 219.44 2 231.76 -2 252.24 2 254.56 -2 92 2 1
124.378 -2.0027 0.0018226 9.22049 0.0175439 0.095575 0.428145 0.003575 123 113 -2 160.3 2 140.7 -2 194.15 2 181.85 -2 220.46 2 232.84 -2 253.16 2 255.54 -2 93 2 1
125.303 -1.99824 0.00520954 9.23683 0.0394483 0.182149 0.104727 0.006572 124 114 -2 161.4 2 141.6 -2 195.2 2 182.8 -2 221.48 2 233.92 -2 254.08 2 256.52 -2 94 2 1
126.226 -1.98784 0.0111136 9.19009 0.0567289 0.143578 -0.486258 0.001938 125 115 -2 162.5 2 142.5 -2 196.25 2 183.75 -2 222.5 2 235 -2 255 2 257.5 -2 95 2 1
127.139 -1.9709 0.0183906 9.12411 0.0715298 0.124092 -0.659002 0.001931 126 116 -2 163.6 2 143.4 -2 197.3 2 184.7 -2 223.52 2 236.08 -2 255.92 2 258.48 -2 96 2 1
128.046 -1.94627 0.0272455 9.08918 0.0907677 0.157611 -0.355494 0.004862 127 117 -2 164.7 2 144.3 -2 198.35 2 185.65 -2 224.54 2 237.16 -2 256.84 2 259.46 -2 97 2 1
128.951 -1.91174 0.037773 9.0677 0.100545 0.0733494 -0.224825 0.001933 128 118 -2 165.8 2 145.2 -2 199.4 2 186.6 -2 225.56 2 238.24 -2 257.76 2 260.44 -2 98 2 1
129.856 -1.86763 0.0486197 9.05629 0.106612 0.0408727 -0.127604 0.001933 129 119 -2 166.9 2 146.1 -2 200.45 2 187.55 -2 226.58 2 239.32 -2 258.68 2 261.42 -2 99 2 1
130.759 -1.81354 0.0596817 9.04601 0.108561 0.00381248 -0.116793 0.001938 130 120 -2 168 2 147 -2 201.5 2 188.5 -2 227.6 2 240.4 -2 259.6 2 262.4 -2 100 2 1
131.66 -1.74966 0.0707022 9.03985 0.1099 -0.00189364 -0.0772067 0.001881 131 121 -2 169.1 2 147.9 -2 202.55 2 189.45 -2 228.62 2 241.48 -2 260.52 2 263.38 -2 101 2 1
132.56 -1.67585 0.0817363 9.03167 0.109444 -0.0184362 -0.096703 0.001885 132 122 -2 170.2 2 148.8 -2 203.6 2 190.4 -2 229.64 2 242.56 -2 261.44 2 264.36 -2 102 2 1
133.459 -1.59236 0.0926479 9.02397 0.109245 -0.0167468 -0.0923353 0.001922 133 123 -2 171.3 2 149.7 -2 204.65 2 191.35 -2 230.66 2 243.64 -2 262.36 2 265.34 -2 103 2 1
134.356 -1.49918 0.103506 9.01312 0.108115 -0.0257923 -0.122837 0.001879 134 124 -2 172.4 2 150.6 -2 205.7 2 192.3 -2 231.68 2 244.72 -2 263.28 2 266.32 -2 104 2 1
135.25 -1.39657 0.114232 9.00091 0.107534 -0.0217252 -0.136083 0.001925 135 125 -2 173.5 2 151.5 -2 206.75 2 193.25 -2 232.7 2 245.8 -2 264.2 2 267.3 -2 105 2 1
136.142 -1.28458 0.124886 8.9851 0.106122 -0.0300522 -0.170782 0.001883 136 126 -2 174.6 2 152.4 -2 207.8 2 194.2 -2 233.72 2 246.88 -2 265.12 2 268.28 -2 106 2 1
137.03 -1.16353 0.135364 8.96734 0.104852 -0.0294265 -0.189711 0.002292 137 127 -2 175.7 2 153.3 -2 208.85 2 195.15 -2 234.74 2 247.96 -2 266.04 2 269.26 -2 107 2 1
137.916 -1.03359 0.145661 8.94634 0.102364 -0.0410767 -0.220898 0.006232 138 128 -2 176.8 2 154.2 -2 209.9 2 196.1 -2 235.76 2 249.04 -2 266.96 2 270.24 -2 108 2 1
138.797 -0.895269 0.155457 8.92338 0.0960375 -0.0732875 -0.240386 0.006241 139 129 -2 177.9 2 155.1 -2 210.95 2 197.05 -2 236.78 2 250.12 -2 267.88 2 271.22 -2 109 2 1
139.675 -0.749578 0.164374 8.89944 0.0886272 -0.0827283 -0.250059 0.006631 140 130 -2 179 2 156 -2 212 2 198 -2 237.8 2 251.2 -2 268.8 2 272.2 -2 110 2 1
140.55 -0.597268 0.172371 8.87337 0.0787254 -0.102934 -0.270905 0.005692 141 131 -2 180.1 2 156.9 -2 213.05 2 198.95 -2 238.82 2 252.28 -2 269.72 2 273.18 -2 111 2 1
141.42 -0.439522 0.17923 8.84616 0.0683587 -0.106492 -0.281971 0.006265 142 132 -2 181.2 2 157.8 -2 214.1 2 199.9 -2 239.84 2 253.36 -2 270.64 2 274.16 -2 112 2 1
142.287 -0.277298 0.184964 8.8166 0.0566966 -0.116343 -0.30464 0.00606 143 133 -2 182.3 2 158.7 -2 215.15 2 200.85 -2 240.86 2 254.44 -2 271.56 2 275.14 -2 113 2 1
143.15 -0.111806 0.189463 8.78566 0.044946 -0.116211 -0.31787 0.006264 144 134 -2 183.4 2 159.6 -2 216.2 2 201.8 -2 241.88 2 255.52 -2 272.48 2 276.12 -2 114 2 1
144.009 0.0559118 0.192779 8.75233 0.0331183 -0.115972 -0.340795 0.005655 145 135 -2 184.5 2 160.5 -2 217.25 2 202.75 -2 242.9 2 256.6 -2 273.4 2 277.1 -2 115 2 1
144.864 0.224767 0.194909 8.71722 0.0213043 -0.114635 -0.357486 0.00689 146 136 -2 185.6 2 161.4 -2 218.3 2 203.7 -2 243.92 2 257.68 -2 274.32 2 278.08 -2 116 2 1
145.716 0.393698 0.195835 8.67959 0.00902497 -0.116636 -0.381252 0.006023 147 137 -2 186.7 2 162.3 -2 219.35 2 204.65 -2 244.94 2 258.76 -2 275.24 2 279.06 -2 117 2 1
146.564 0.561579 0.195553 8.64067 -0.00238347 -0.108219 -0.393112 0.00632 148 138 -2 187.8 2 163.2 -2 220.4 2 205.6 -2 245.96 2 259.84 -2 276.16 2 280.04 -2 118 2 1
147.407 0.727531 0.194203 8.59927 -0.0132011 -0.10206 -0.416454 0.006064 149 139 -2 188.9 2 164.1 -2 221.45 2 206.55 -2 246.98 2 260.92 -2 277.08 2 281.02 -2 119 2 1
148.247 0.890649 0.191824 8.55645 -0.0235578 -0.0965637 -0.429099 0.006894 150 140 -2 190 2 165 -2 222.5 2 207.5 -2 248 2 262 -2 278 2 282 -2 120 2 1
149.084 1.05009 0.188437 8.51145 -0.0338205 -0.0935355 -0.448998 0.006147 151 141 -2 191.1 2 165.9 -2 223.55 2 208.45 -2 249.02 2 263.08 -2 278.92 2 282.98 -2 121 2 1
149.916 1.20501 0.184095 8.46592 -0.0427722 -0.0814746 -0.453243 0.006326 152 142 -2 192.2 2 166.8 -2 224.6 2 209.4 -2 250.04 2 264.16 -2 279.84 2 283.96 -2 122 2 1
150.744 1.35484 0.178973 8.41851 -0.0507004 -0.0718495 -0.470314 0.005929 153 143 -2 193.3 2 167.7 -2 225.65 2 210.35 -2 251.06 2 265.24 -2 280.76 2 284.94 -2 123 2 1
151.569 1.49901 0.173138 8.37064 -0.0580722 -0.0653692 -0.473399 0.00688 154 144 -2 194.4 2 168.6 -2 226.7 2 211.3 -2 252.08 2 266.32 -2 281.68 2 285.92 -2 124 2 1
152.39 1.63699 0.166605 8.32165 -0.0652338 -0.0610387 -0.482708 0.006277 155 145 -2 195.5 2 169.5 -2 227.75 2 212.25 -2 253.1 2 267.4 -2 282.6 2 286.9 -2 125 2 1
153.207 1.76826 0.159437 8.27337 -0.0709639 -0.0481264 -0.474752 0.006008 156 146 -2 196.6 2 170.4 -2 228.8 2 213.2 -2 254.12 2 268.48 -2 283.52 2 287.88 -2 126 2 1
154.02 1.89259 0.15184 8.2246 -0.0752388 -0.0357141 -0.4783 0.005997 157 147 -2 197.7 2 171.3 -2 229.85 2 214.15 -2 255.14 2 269.56 -2 284.44 2 288.86 -2 127 2 1
154.829 2.0098 0.143907 8.17637 -0.0791497 -0.0306679 -0.471495 0.006992 158 148 -2 198.8 2 172.2 -2 230.9 2 215.1 -2 256.16 2 270.64 -2 285.36 2 289.84 -2 128 2 1
155.634 2.11965 0.135616 8.1286 -0.0827479 -0.025563 -0.46553 0.00626 159 149 -2 199.9 2 173.1 -2 231.95 2 216.05 -2 257.18 2 271.72 -2 286.28 2 290.82 -2 129 2 1
156.436 2.22198 0.127042 8.08239 -0.0851344 -0.0145299 -0.449203 0.005975 160 150 -2 201 2 174 -2 233 2 217 -2 258.2 2 272.8 -2 287.2 2 291.8 -2 130 2 1
157.234 2.31681 0.118375 8.03731 -0.0858328 -0.00141839 -0.437269 0.005942 161 151 -2 202.1 2 174.9 -2 234.05 2 217.95 -2 259.22 2 273.88 -2 288.12 2 292.78 -2 131 2 1
158.029 2.4043 0.109725 7.99337 -0.0864692 0.0012994 -0.424574 0.006275 162 152 -2 203.2 2 175.8 -2 235.1 2 218.9 -2 260.24 2 274.96 -2 289.04 2 293.76 -2 132 2 1
158.82 2.48444 0.101031 7.95118 -0.0867683 0.00628996 -0.406034 0.006233 163 153 -2 204.3 2 176.7 -2 236.15 2 219.85 -2 261.26 2 276.04 -2 289.96 2 294.74 -2 133 2 1
159.607 2.55735 0.0923666 7.91095 -0.0862192 0.0144488 -0.38582 0.006007 164 154 -2 205.4 2 177.6 -2 237.2 2 220.8 -2 262.28 2 277.12 -2 290.88 2 295.72 -2 134 2 1
160.392 2.62323 0.0838908 7.87293 -0.0838463 0.026774 -0.363668 0.005979 165 155 -2 206.5 2 178.5 -2 238.25 2 221.75 -2 263.3 2 278.2 -2 291.8 2 296.7 -2 135 2 1
161.173 2.68249 0.0757319 7.83636 -0.0817042 0.0270436 -0.347752 0.006389 166 156 -2 207.6 2 179.4 -2 239.3 2 222.7 -2 264.32 2 279.28 -2 292.72 2 297.68 -2 136 2 1
161.951 2.7353 0.0677859 7.80211 -0.079358 0.0304841 -0.323904 0.006258 167 157 -2 208.7 2 180.3 -2 240.35 2 223.65 -2 265.34 2 280.36 -2 293.64 2 298.66 -2 137 2 1
162.727 2.78193 0.0601016 7.76997 -0.0766744 0.0351645 -0.30185 0.006224 168 158 -2 209.8 2 181.2 -2 241.4 2 224.6 -2 266.36 2 281.44 -2 294.56 2 299.64 -2 138 2 1
163.5 2.82271 0.0527914 7.74046 -0.0722124 0.0447442 -0.275695 0.006129 169 159 -2 210.9 2 182.1 -2 242.45 2 225.55 -2 267.38 2 282.52 -2 295.48 2 300.62 -2 139 2 1
164.27 2.85816 0.0460015 7.71273 -0.0680479 0.0431833 -0.25683 0.005979 170 160 -2 212 2 183 -2 243.5 2 226.5 -2 268.4 2 283.6 -2 296.4 2 301.6 -2 140 2 1
165.038 2.88858 0.0396064 7.68729 -0.064018 0.0432842 -0.232982 0.006319 171 161 -2 213.1 2 183.9 -2 244.55 2 227.45 -2 269.42 2 284.68 -2 297.32 2 302.58 -2 141 2 1
165.804 2.91432 0.033613 7.66409 -0.0598799 0.0451314 -0.209794 0.00632 172 162 -2 214.2 2 184.8 -2 245.6 2 228.4 -2 270.44 2 285.76 -2 298.24 2 303.56 -2 142 2 1
166.568 2.93574 0.0280648 7.64328 -0.0552226 0.0480413 -0.185334 0.005974 173 163 -2 215.3 2 185.7 -2 246.65 2 229.35 -2 271.46 2 286.84 -2 299.16 2 304.54 -2 143 2 1
167.33 2.95328 0.0230432 7.6249 -0.0498674 0.0465916 -0.161021 0.005934 174 164 -2 216.4 2 186.6 -2 247.7 2 230.3 -2 272.48 2 287.92 -2 300.08 2 305.52 -2 144 2 1
168.091 2.96741 0.0185518 7.60858 -0.0453147 0.040574 -0.139565 0.006388 175 165 -2 217.5 2 187.5 -2 248.75 2 231.25 -2 273.5 2 289 -2 301 2 306.5 -2 145 2 1
168.85 2.97839 0.0144692 7.59453 -0.0408892 0.037995 -0.116266 0.00627 176 166 -2 218.6 2 188.4 -2 249.8 2 232.2 -2 274.52 2 290.08 -2 301.92 2 307.48 -2 146 2 1
169.608 2.9866 0.0108455 7.58282 -0.0360121 0.0362279 -0.0927073 0.006298 177 167 -2 219.7 2 189.3 -2 250.85 2 233.15 -2 275.54 2 291.16 -2 302.84 2 308.46 -2 147 2 1
170.365 2.99245 0.00773437 7.57351 -0.0310869 0.0246612 -0.0690925 0.005762 178 168 -2 220.8 2 190.2 -2 251.9 2 234.1 -2 276.56 2 292.24 -2 303.76 2 309.44 -2 148 2 1
171.122 2.99631 0.00507932 7.56639 -0.0269392 0.0113094 -0.0472869 0.006216 179 169 -2 221.9 2 191.1 -2 252.95 2 235.05 -2 277.58 2 293.32 -2 304.68 2 310.42 -2 149 2 1
171.878 2.9984 0.00270358 7.56139 -0.0247233 -0.00678097 -0.0261528 0.005853 180 170 -2 223 2 192 -2 254 2 236 -2 278.6 2 294.4 -2 305.6 2 311.4 -2 150 2 1
172.634 2.99872 0.000354268 7.55833 -0.0244788 -0.0219079 -0.00679627 0.001878 181 171 -2 224.1 2 192.9 -2 255.05 2 236.95 -2 279.62 2 295.48 -2 306.52 2 312.38 -2 151 2 1
173.389 2.99714 -0.00214446 7.55711 -0.0257403 -0.0329008 0.0113871 0.001934 182 172 -2 225.2 2 193.8 -2 256.1 2 237.9 -2 280.64 2 296.56 -2 307.44 2 313.36 -2 152 2 1
174.145 2.99346 -0.00489968 7.55763 -0.0281026 -0.0403363 0.0283884 0.001879 183 173 -2 226.3 2 194.7 -2 257.15 2 238.85 -2 281.66 2 297.64 -2 308.36 2 314.34 -2 153 2 1
174.901 2.98745 -0.00798386 7.5598 -0.0312189 -0.0447647 0.0442092 0.001891 184 174 -2 227.4 2 195.6 -2 258.2 2 239.8 -2 282.68 2 298.72 -2 309.28 2 315.32 -2 154 2 1
175.657 2.97881 -0.0114404 7.56349 -0.034796 -0.0466859 0.0588466 0.001931 185 175 -2 228.5 2 196.5 -2 259.25 2 240.75 -2 283.7 2 299.8 -2 310.2 2 316.3 -2 155 2 1
176.414 2.96725 -0.0152885 7.56862 -0.0385891 -0.0465514 0.0723045 0.001879 186 176 -2 229.6 2 197.4 -2 260.3 2 241.7 -2 284.72 2 300.88 -2 311.12 2 317.28 -2 156 2 1
177.171 2.95246 -0.0195275 7.57507 -0.0423977 -0.0447657 0.0845959 0.001875 187 177 -2 230.7 2 198.3 -2 261.35 2 242.65 -2 285.74 2 301.96 -2 312.04 2 318.26 -2 157 2 1
177.929 2.93416 -0.0241409 7.58274 -0.0460606 -0.0416868 0.0957441 0.001875 188 178 -2 231.8 2 199.2 -2 262.4 2 243.6 -2 286.76 2 303.04 -2 312.96 2 319.24 -2 158 2 1
178.688 2.91207 -0.0290996 7.59153 -0.0494515 -0.0376293 0.105784 0.001918 189 179 -2 232.9 2 200.1 -2 263.45 2 244.55 -2 287.78 2 304.12 -2 313.88 2 320.22 -2 159 2 1
179.448 2.88595 -0.0343655 7.60133 -0.052475 -0.0328665 0.114759 0.004536 190 180 -2 234 2 201 -2 264.5 2 245.5 -2 288.8 2 305.2 -2 314.8 2 321.2 -2 160 2 1
180.208 2.85559 -0.0398935 7.61205 -0.0550624 -0.0276334 0.122725 0.001878 191 181 -2 235.1 2 201.9 -2 265.55 2 246.45 -2 289.82 2 306.28 -2 315.72 2 322.18 -2 161 2 1
180.97 2.82081 -0.0456344 7.6236 -0.057168 -0.0221301 0.129743 0.001889 192 182 -2 236.2 2 202.8 -2 266.6 2 247.4 -2 290.84 2 307.36 -2 316.64 2 323.16 -2 162 2 1
181.732 2.78147 -0.0515364 7.63587 -0.0587656 -0.0165248 0.13588 0.001883 193 183 -2 237.3 2 203.7 -2 267.65 2 248.35 -2 291.86 2 308.44 -2 317.56 2 324.14 -2 163 2 1
182.496 2.73747 -0.0575468 7.6488 -0.0598459 -0.0109573 0.14121 0.001908 194 184 -2 238.4 2 204.6 -2 268.7 2 249.3 -2 292.88 2 309.52 -2 318.48 2 325.12 -2 164 2 1
183.26 2.68876 -0.0636138 7.66231 -0.060413 -0.00554198 0.145806 0.001876 195 185 -2 239.5 2 205.5 -2 269.75 2 250.25 -2 293.9 2 310.6 -2 319.4 2 326.1 -2 165 2 1
184.026 2.6353 -0.0696869 7.67633 -0.0604824 -0.000370861 0.149744 0.001878 196 186 -2 240.6 2 206.4 -2 270.8 2 251.2 -2 294.92 2 311.68 -2 320.32 2 327.08 -2 166 2 1
184.793 2.57712 -0.0757184 7.69079 -0.0600788 0.00448354 0.153098 0.001934 197 187 -2 241.7 2 207.3 -2 271.85 2 252.15 -2 295.94 2 312.76 -2 321.24 2 328.06 -2 167 2 1
185.561 2.51426 -0.0816639 7.70565 -0.0592341 0.00896572 0.15594 0.001935 198 188 -2 242.8 2 208.2 -2 272.9 2 253.1 -2 296.96 2 313.84 -2 322.16 2 329.04 -2 168 2 1
186.33 2.4468 -0.0874827 7.72085 -0.0579857 0.0130348 0.158339 0.001872 199 189 -2 243.9 2 209.1 -2 273.95 2 254.05 -2 297.98 2 314.92 -2 323.08 2 330.02 -2 169 2 1
187.1 2.37485 -0.0931383 7.73636 -0.0563751 0.0166626 0.160361 0.001877 200 190 -2 245 2 210 -2 275 2 255 -2 299 2 316 -2 324 2 331 -2 170 2 1
187.872 2.29854 -0.0985988 7.75213 -0.0544467 0.0198316 0.162064 0.00188 201 191 -2 246.1 2 210.9 -2 276.05 2 255.95 -2 300.02 2 317.08 -2 324.92 2 331.98 -2 171 2 1
188.645 2.21802 -0.103837 7.76814 -0.0522469 0.0225334 0.163498 0.00188 202 192 -2 247.2 2 211.8 -2 277.1 2 256.9 -2 301.04 2 318.16 -2 325.84 2 332.96 -2 172 2 1
189.418 2.13348 -0.108831 7.78436 -0.0498228 0.0247677 0.164707 0.001926 203 193 -2 248.3 2 212.7 -2 278.15 2 257.85 -2 302.06 2 319.24 -2 326.76 2 333.94 -2 173 2 1
190.193 2.04508 -0.113562 7.80077 -0.0472216 0.0265406 0.165725 0.001894 204 194 -2 249.4 2 213.6 -2 279.2 2 258.8 -2 303.08 2 320.32 -2 327.68 2 334.92 -2 174 2 1
190.97 1.95304 -0.118017 7.81735 -0.0444902 0.0278643 0.166574 0.001934 205 195 -2 250.5 2 214.5 -2 280.25 2 259.75 -2 304.1 2 321.4 -2 328.6 2 335.9 -2 175 2 1
191.747 1.85756 -0.122189 7.83407 -0.041674 0.028756 0.167265 0.00193 206 196 -2 251.6 2 215.4 -2 281.3 2 260.7 -2 305.12 2 322.48 -2 329.52 2 336.88 -2 176 2 1
192.526 1.75885 -0.126073 7.85093 -0.0388169 0.0292376 0.167795 0.001881 207 197 -2 252.7 2 216.3 -2 282.35 2 261.65 -2 306.14 2 323.56 -2 330.44 2 337.86 -2 177 2 1
193.306 1.65712 -0.129669 7.8679 -0.0359605 0.0293349 0.168151 0.001887 208 198 -2 253.8 2 217.2 -2 283.4 2 262.6 -2 307.16 2 324.64 -2 331.36 2 338.84 -2 178 2 1
194.088 1.55258 -0.132981 7.88495 -0.0331436 0.029078 0.168303 0.001879 209 199 -2 254.9 2 218.1 -2 284.45 2 263.55 -2 308.18 2 325.72 -2 332.28 2 339.82 -2 179 2 1
194.871 1.44544 -0.136017 7.90207 -0.0304019 0.0285003 0.168213 0.001889 210 200 -2 256 2 219 -2 285.5 2 264.5 -2 309.2 2 326.8 -2 333.2 2 340.8 -2 180 2 1
195.655 1.33589 -0.138789 7.91921 -0.0277677 0.0276384 0.167831 0.00188 211 201 -2 257.1 2 219.9 -2 286.55 2 265.45 -2 310.22 2 327.88 -2 334.12 2 341.78 -2 181 2 1
196.441 1.22412 -0.141309 7.93634 -0.025269 0.0265322 0.167097 0.001988 212 202 -2 258.2 2 220.8 -2 287.6 2 266.4 -2 311.24 2 328.96 -2 335.04 2 342.76 -2 182 2 1
197.228 1.11031 -0.143594 7.95341 -0.0229299 0.025224 0.165949 0.001923 213 203 -2 259.3 2 221.7 -2 288.65 2 267.35 -2 312.26 2 330.04 -2 335.96 2 343.74 -2 183 2 1
198.017 0.994631 -0.145662 7.97038 -0.0207696 0.0237581 0.164321 0.001933 214 204 -2 260.4 2 222.6 -2 289.7 2 268.3 -2 313.28 2 331.12 -2 336.88 2 344.72 -2 184 2 1
198.807 0.877228 -0.147532 7.98718 -0.0188027 0.0221802 0.162149 0.001902 215 205 -2 261.5 2 223.5 -2 290.75 2 269.25 -2 314.3 2 332.2 -2 337.8 2 345.7 -2 185 2 1
199.598 0.75824 -0.149226 8.00376 -0.0170389 0.0205367 0.159373 0.001884 216 206 -2 262.6 2 224.4 -2 291.8 2 270.2 -2 315.32 2 333.28 -2 338.72 2 346.68 -2 186 2 1
200.391 0.637789 -0.150764 8.02003 -0.0154829 0.0188737 0.155943 0.001888 217 207 -2 263.7 2 225.3 -2 292.85 2 271.15 -2 316.34 2 334.36 -2 339.64 2 347.66 -2 187 2 1
201.185 0.515985 -0.152167 8.03593 -0.0141345 0.0172365 0.15182 0.001921 218 208 -2 264.8 2 226.2 -2 293.9 2 272.1 -2 317.36 2 335.44 -2 340.56 2 348.64 -2 188 2 1
201.981 0.39292 -0.153456 8.05138 -0.0129888 0.015668 0.146978 0.001922 219 209 -2 265.9 2 227.1 -2 294.95 2 273.05 -2 318.38 2 336.52 -2 341.48 2 349.62 -2 189 2 1
202.778 0.268679 -0.154629 8.06636 -0.0116236 0.0177813 0.141919 0.002247 220 210 -2 267 2 228 -2 296 2 274 -2 319.4 2 337.6 -2 342.4 2 350.6 -2 190 2 1
203.576 0.143406 -0.155628 8.0811 -0.00971358 0.0226233 0.139093 0.006425 221 211 -2 268.1 2 228.9 -2 297.05 2 274.95 -2 320.42 2 338.68 -2 343.32 2 351.58 -2 191 2 1
204.376 0.017306 -0.156378 8.09571 -0.00720175 0.0278198 0.137239 0.006014 222 212 -2 269.2 2 229.8 -2 298.1 2 275.9 -2 321.44 2 339.76 -2 344.24 2 352.56 -2 192 2 1
205.177 -0.109374 -0.156828 8.11017 -0.00431508 0.0310407 0.135317 0.005946 223 213 -2 270.3 2 230.7 -2 299.15 2 276.85 -2 322.46 2 340.84 -2 345.16 2 353.54 -2 193 2 1
205.98 -0.236376 -0.156947 8.12441 -0.000938387 0.0351059 0.132657 0.00602 224 214 -2 271.4 2 231.6 -2 300.2 2 277.8 -2 323.48 2 341.92 -2 346.08 2 354.52 -2 194 2 1
206.784 -0.363384 -0.156686 8.13839 0.00277796 0.0378279 0.129627 0.00597 225 215 -2 272.5 2 232.5 -2 301.25 2 278.75 -2 324.5 2 343 -2 347 2 355.5 -2 195 2 1
207.589 -0.490073 -0.156033 8.15208 0.00657091 0.038316 0.126348 0.006018 226 216 -2 273.6 2 233.4 -2 302.3 2 279.7 -2 325.52 2 344.08 -2 347.92 2 356.48 -2 196 2 1
208.396 -0.616129 -0.154984 8.16538 0.0106119 0.040139 0.12196 0.005808 227 217 -2 274.7 2 234.3 -2 303.35 2 280.65 -2 326.54 2 345.16 -2 348.84 2 357.46 -2 197 2 1
209.204 -0.741192 -0.153514 8.17821 0.0147453 0.0406102 0.116985 0.005936 228 218 -2 275.8 2 235.2 -2 304.4 2 281.6 -2 327.56 2 346.24 -2 349.76 2 358.44 -2 198 2 1
210.014 -0.864914 -0.151629 8.19052 0.0188178 0.0397815 0.111332 0.006064 229 219 -2 276.9 2 236.1 -2 305.45 2 282.55 -2 328.58 2 347.32 -2 350.68 2 359.42 -2 199 2 1
210.825 -0.986962 -0.149353 8.20222 0.0226417 0.0374027 0.104963 0.005976 230 220 -2 278 2 237 -2 306.5 2 283.5 -2 329.6 2 348.4 -2 351.6 2 360.4 -2 200 2 1
211.637 -1.10703 -0.146713 8.21318 0.0263324 0.0359588 0.0973761 0.0057 231 221 -2 279.1 2 237.9 -2 307.55 2 284.45 -2 330.62 2 349.48 -2 352.52 2 361.38 -2 201 2 1
212.451 -1.22482 -0.143721 8.22333 0.0298088 0.033843 0.0889568 0.008265 232 222 -2 280.2 2 238.8 -2 308.6 2 285.4 -2 331.64 2 350.56 -2 353.44 2 362.36 -2 202 2 1
213.266 -1.34003 -0.140407 8.23256 0.0330039 0.0311905 0.0795991 0.006121 233 223 -2 281.3 2 239.7 -2 309.65 2 286.35 -2 332.66 2 351.64 -2 354.36 2 363.34 -2 203 2 1
214.083 -1.45242 -0.136796 8.24075 0.0360123 0.0292704 0.0691368 0.011337 234 224 -2 282.4 2 240.6 -2 310.7 2 287.3 -2 333.68 2 352.72 -2 355.28 2 364.32 -2 204 2 1
214.9 -1.56171 -0.1329 8.2478 0.0388944 0.0277897 0.057794 0.008116 235 225 -2 283.5 2 241.5 -2 311.75 2 288.25 -2 334.7 2 353.8 -2 356.2 2 365.3 -2 205 2 1
215.719 -1.66768 -0.128731 8.25366 0.0416054 0.0259213 0.0457798 0.007954 236 226 -2 284.6 2 242.4 -2 312.8 2 289.2 -2 335.72 2 354.88 -2 357.12 2 366.28 -2 206 2 1
216.538 -1.77008 -0.124309 8.25824 0.0441344 0.0239325 0.0331353 0.017356 237 227 -2 285.7 2 243.3 -2 313.85 2 290.15 -2 336.74 2 355.96 -2 358.04 2 367.26 -2 207 2 1
217.359 -1.8687 -0.119653 8.2615 0.0464489 0.0216621 0.0200732 0.007363 238 228 -2 286.8 2 244.2 -2 314.9 2 291.1 -2 337.76 2 357.04 -2 358.96 2 368.24 -2 208 2 1
218.18 -1.96335 -0.114789 8.26341 0.0485216 0.0191562 0.00679339 0.007235 239 229 -2 287.9 2 245.1 -2 315.95 2 292.05 -2 338.78 2 358.12 -2 359.88 2 369.22 -2 209 2 1
219.001 -2.05386 -0.109741 8.26396 0.0503522 0.0166273 -0.00655077 0.007394 240 230 -2 289 2 246 -2 317 2 293 -2 339.8 2 359.2 -2 360.8 2 370.2 -2 210 2 1
219.823 -2.14008 -0.104536 8.26315 0.0519245 0.0139499 -0.0198496 0.01408 241 231 -2 290.1 2 246.9 -2 318.05 2 293.95 -2 340.82 2 360.28 -2 361.72 2 371.18 -2 211 2 1
220.648 -2.22213 -0.0991396 8.30936 0.0544324 0.0203145 0.443134 0.012378 242 232 -2 291.2 2 247.8 -2 319.1 2 294.9 -2 341.84 2 361.36 -2 362.64 2 372.16 -2 212 2 1
221.48 -2.30023 -0.0934606 8.37241 0.0566409 0.016586 0.604418 0.018537 243 233 -2 292.3 2 248.7 -2 320.15 2 295.85 -2 342.86 2 362.44 -2 363.56 2 373.14 -2 213 2 1
222.321 -2.37405 -0.087612 8.43282 0.0581216 0.00985112 0.578395 0.00899 244 234 -2 293.4 2 249.6 -2 321.2 2 296.8 -2 343.88 2 363.52 -2 364.48 2 374.12 -2 214 2 1
223.167 -2.44336 -0.081684 8.4906 0.0589587 0.00387438 0.552325 0.008888 245 235 -2 294.5 2 250.5 -2 322.25 2 297.75 -2 344.9 2 364.6 -2 365.4 2 375.1 -2 215 2 1
224.019 -2.50804 -0.075733 8.54573 0.0592238 -0.00146829 0.525906 0.013016 246 236 -2 295.6 2 251.4 -2 323.3 2 298.7 -2 345.92 2 365.68 -2 366.32 2 376.08 -2 216 2 1
224.879 -2.56821 -0.0697612 8.64405 0.0599472 0.000535761 0.951701 0.006754 247 237 -2 296.7 2 252.3 -2 324.35 2 299.65 -2 346.94 2 366.76 -2 367.24 2 377.06 -2 217 2 1
225.754 -2.6241 -0.0637736 8.78366 0.0590811 -0.0119113 1.35907 0.017383 248 238 -2 297.8 2 253.2 -2 325.4 2 300.6 -2 347.96 2 367.84 -2 368.16 2 378.04 -2 218 2 1
226.644 -2.67585 -0.0579878 8.91311 0.0575019 -0.0175613 1.26043 0.00728 249 239 -2 298.9 2 254.1 -2 326.45 2 301.55 -2 348.98 2 368.92 -2 369.08 2 379.02 -2 219 2 1
227.55 -2.7234 -0.0523801 9.0867 0.0562315 -0.0156227 1.69419 0.006735 250 240 -2 300 2 255 -2 327.5 2 302.5 -2 350 2 370 -2 370 2 380 -2 220 2 1
228.476 -2.76699 -0.0468983 9.2867 0.0546739 -0.0178292 2 0.007069 251 241 -2 301.1 2 255.9 -2 328.55 2 303.45 -2 351.02 2 371.08 -2 370.92 2 380.98 -2 221 2 1
229.416 -2.80618 -0.0416415 9.33228 0.0520195 -0.0267678 0.506337 0.012437 252 242 -2 302.2 2 256.8 -2 329.6 2 304.4 -2 352.04 2 372.16 -2 371.84 2 381.96 -2 222 2 1
230.359 -2.84082 -0.0367121 9.4874 0.0492228 -0.0257691 1.52039 0.027287 253 243 -2 303.3 2 257.7 -2 330.65 2 305.35 -2 353.06 2 373.24 -2 372.76 2 382.94 -2 223 2 1
231.325 -2.87191 -0.0320448 9.6874 0.0469195 -0.0220868 2 0.009682 254 244 -2 304.4 2 258.6 -2 331.7 2 306.3 -2 354.08 2 374.32 -2 373.68 2 383.92 -2 224 2 1
232.311 -2.89919 -0.0275307 9.84631 0.0456674 -0.0202667 1.58363 0.010938 255 245 -2 305.5 2 259.5 -2 332.75 2 307.25 -2 355.1 2 375.4 -2 374.6 2 384.9 -2 225 2 1
233.305 -2.9222 -0.0231895 9.87653 0.0424069 -0.0328022 0.389204 0.015661 256 246 -2 306.6 2 260.4 -2 333.8 2 308.2 -2 356.12 2 376.48 -2 375.52 2 385.88 -2 226 2 1
234.298 -2.94133 -0.0192282 9.96406 0.0400797 -0.0309018 0.897381 0.014544 257 247 -2 307.7 2 261.3 -2 334.85 2 309.15 -2 357.14 2 377.56 -2 376.44 2 386.86 -2 227 2 1
235.3 -2.95687 -0.015531 9.9959 0.0361912 -0.035481 0.371271 0.014 258 248 -2 308.8 2 262.2 -2 335.9 2 310.1 -2 358.16 2 378.64 -2 377.36 2 387.84 -2 228 2 1
236.304 -2.96922 -0.0122964 10.0488 0.0323904 -0.0405171 0.558246 0.015388 259 249 -2 309.9 2 263.1 -2 336.95 2 311.05 -2 359.18 2 379.72 -2 378.28 2 388.82 -2 229 2 1
237.316 -2.9788 -0.00947128 10.1274 0.0279126 -0.0416184 0.792723 0.007846 260 250 -2 311 2 264 -2 338 2 312 -2 360.2 2 380.8 -2 379.2 2 389.8 -2 230 2 1
238.338 -2.9861 -0.00709721 10.2374 0.0240467 -0.0387254 1.088 0.01559 261 251 -2 312.1 2 264.9 -2 339.05 2 312.95 -2 361.22 2 381.88 -2 380.12 2 390.78 -2 231 2 1
239.371 -2.99137 -0.00508895 10.3126 0.0199844 -0.0384126 0.751935 0.013108 262 252 -2 313.2 2 265.8 -2 340.1 2 313.9 -2 362.24 2 382.96 -2 381.04 2 391.76 -2 232 2 1
240.416 -2.99504 -0.00347311 10.5126 0.0163946 -0.0338459 2 0.014501 263 253 -2 314.3 2 266.7 -2 341.15 2 314.85 -2 363.26 2 384.04 -2 381.96 2 392.74 -2 233 2 1
241.479 -2.99739 -0.00219722 10.5501 0.0127131 -0.0368165 0.506358 0.01655 264 254 -2 315.4 2 267.6 -2 342.2 2 315.8 -2 364.28 2 385.12 -2 382.88 2 393.72 -2 234 2 1
242.526 -2.99872 -0.0013017 10.3556 0.00887884 -0.0303624 -1.28613 0.022456 265 255 -2 316.5 2 268.5 -2 343.25 2 316.75 -2 365.3 2 386.2 -2 383.8 2 394.7 -2 235 2 1
243.542 -2.99943 -0.000556687 10.1556 0.00985561 0.0346124 -2 0.012626 266 256 -2 317.6 2 269.4 -2 344.3 2 317.7 -2 366.32 2 387.28 -2 384.72 2 395.68 -2 236 2 1
244.543 -2.99895 0.000350041 10.0767 0.00730218 -0.0196077 -0.513739 0.010862 267 257 -2 318.7 2 270.3 -2 345.35 2 318.65 -2 367.34 2 388.36 -2 385.64 2 396.66 -2 237 2 1
245.537 -2.99809 0.000924404 9.87673 0.0067385 -0.00353946 -2 0.009331 268 258 -2 319.8 2 271.2 -2 346.4 2 319.6 -2 368.36 2 389.44 -2 386.56 2 397.64 -2 238 2 1
246.505 -2.99596 0.00342141 9.67673 0.0437654 0.299864 -2 0.006389 269 259 -2 320.9 2 272.1 -2 347.45 2 320.55 -2 369.38 2 390.52 -2 387.48 2 398.62 -2 239 2 1
247.462 -2.98546 0.00952065 9.67356 0.0411925 -0.0279129 0.0792593 0.010545 270 260 -2 322 2 273 -2 348.5 2 321.5 -2 370.4 2 391.6 -2 388.4 2 399.6 -2 240 2 1
248.432 -2.97268 0.0129804 9.72182 0.0305756 -0.0929605 0.528664 0.010804 271 261 -2 323.1 2 273.9 -2 349.55 2 322.45 -2 371.42 2 392.68 -2 389.32 2 400.58 -2 241 2 1
249.41 -2.958 0.0151364 9.78947 0.0231614 -0.0648982 0.701367 0.010537 272 262 -2 324.2 2 274.8 -2 350.6 2 323.4 -2 372.44 2 393.76 -2 390.24 2 401.56 -2 242 2 1
250.397 -2.94153 0.0166492 9.89648 0.0145082 -0.074004 1.0625 0.007317 273 263 -2 325.3 2 275.7 -2 351.65 2 324.35 -2 373.46 2 394.84 -2 391.16 2 402.54 -2 243 2 1
251.401 -2.9242 0.0173213 10.0827 0.00758745 -0.0585573 1.83659 0.006816 274 264 -2 326.4 2 276.6 -2 352.7 2 325.3 -2 374.48 2 395.92 -2 392.08 2 403.52 -2 244 2 1
252.417 -2.90647 0.0176079 10.0376 0.00506591 -0.0270558 -0.242278 0.01745 275 265 -2 327.5 2 277.5 -2 353.75 2 326.25 -2 375.5 2 397 -2 393 2 404.5 -2 245 2 1
253.414 -2.88873 0.017593 9.96016 -0.00284372 -0.0675187 -0.541912 0.005394 276 266 -2 328.6 2 278.4 -2 354.8 2 327.2 -2 376.52 2 398.08 -2 393.92 2 405.48 -2 246 2 1
254.407 -2.87229 0.0166876 9.97407 -0.00735453 -0.0359484 0.222847 0.00691 277 267 -2 329.7 2 279.3 -2 355.85 2 328.15 -2 377.54 2 399.16 -2 394.84 2 406.46 -2 247 2 1
255.405 -2.85675 0.0156753 9.97571 -0.00838004 -0.00842018 0.0943311 0.007544 278 268 -2 330.8 2 280.2 -2 356.9 2 329.1 -2 378.56 2 400.24 -2 395.76 2 407.44 -2 248 2 1
256.404 -2.84207 0.0145907 10.0166 -0.0122863 -0.0302429 0.445783 0.009306 279 269 -2 331.9 2 281.1 -2 357.95 2 330.05 -2 379.58 2 401.32 -2 396.68 2 408.42 -2 249 2 1
257.412 -2.82897 0.0130342 10.0935 -0.0149376 -0.0190025 0.777436 0.011278 280 270 -2 333 2 282 -2 359 2 331 -2 380.6 2 402.4 -2 397.6 2 409.4 -2 250 2 1
258.431 -2.81745 0.0113127 10.2062 -0.0168418 -0.012428 1.11662 0.010378 281 271 -2 334.1 2 282.9 -2 360.05 2 331.95 -2 381.62 2 403.48 -2 398.52 2 410.38 -2 251 2 1
259.456 -2.80765 0.00975674 10.1826 -0.0123726 0.0384607 -0.166257 0.015478 282 272 -2 335.2 2 283.8 -2 361.1 2 332.9 -2 382.64 2 404.56 -2 399.44 2 411.36 -2 252 2 1
260.478 -2.79858 0.00869313 10.2901 -0.0133687 -0.00399551 1.06319 0.009771 283 273 -2 336.3 2 284.7 -2 362.15 2 333.85 -2 383.66 2 405.64 -2 400.36 2 412.34 -2 253 2 1
261.514 -2.79104 0.00727094 10.3282 -0.0140791 -0.00274118 0.405743 0.00598 284 274 -2 337.4 2 285.6 -2 363.2 2 334.8 -2 384.68 2 406.72 -2 401.28 2 413.32 -2 254 2 1
262.555 -2.78501 0.00577014 10.4419 -0.0152264 -0.00612925 1.12667 0.021256 285 275 -2 338.5 2 286.5 -2 364.25 2 335.75 -2 385.7 2 407.8 -2 402.2 2 414.3 -2 255 2 1
263.603 -2.7806 0.00434111 10.4085 -0.0122069 0.0271994 -0.248859 0.017463 286 276 -2 339.6 2 287.4 -2 365.3 2 336.7 -2 386.72 2 408.88 -2 403.12 2 415.28 -2 256 2 1
264.64 -2.77709 0.00335653 10.3716 -0.010504 0.0166533 -0.290415 0.005719 287 277 -2 340.7 2 288.3 -2 366.35 2 337.65 -2 387.74 2 409.96 -2 404.04 2 416.26 -2 257 2 1
265.679 -2.77456 0.00233187 10.4368 -0.0116922 -0.00680591 0.656499 0.010844 288 278 -2 341.8 2 289.2 -2 367.4 2 338.6 -2 388.76 2 411.04 -2 404.96 2 417.24 -2 258 2 1
266.732 -2.77343 0.00107486 10.5571 -0.0122597 -0.00162 1.1934 0.010346 289 279 -2 342.9 2 290.1 -2 368.45 2 339.55 -2 389.78 2 412.12 -2 405.88 2 418.22 -2 259 2 1
267.791 -2.77358 -5.41735e-06 10.5117 -0.00877855 0.0293368 -0.344406 0.037591 290 280 -2 344 2 291 -2 369.5 2 340.5 -2 390.8 2 413.2 -2 406.8 2 419.2 -2 260 2 1
268.837 -2.77422 -0.000749278 10.4552 -0.00957976 -0.00400903 -0.451884 0.010013 291 281 -2 345.1 2 291.9 -2 370.55 2 341.45 -2 391.82 2 414.28 -2 407.72 2 420.18 -2 261 2 1
269.879 -2.77604 -0.00163999 10.4397 -0.00743321 0.0203048 -0.0885318 0.0101 292 282 -2 346.2 2 292.8 -2 371.6 2 342.4 -2 392.84 2 415.36 -2 408.64 2 421.16 -2 262 2 1
270.919 -2.77828 -0.00212778 10.3795 -0.00446928 0.0259148 -0.507259 0.010327 293 283 -2 347.3 2 293.7 -2 372.65 2 343.35 -2 393.86 2 416.44 -2 409.56 2 422.14 -2 263 2 1
271.957 -2.78073 -0.00251274 10.4399 -0.00619375 -0.0115532 0.60773 0.010526 294 284 -2 348.4 2 294.6 -2 373.7 2 344.3 -2 394.88 2 417.52 -2 410.48 2 423.12 -2 264 2 1
273.012 -2.78417 -0.0032395 10.5895 -0.006617 -0.00122353 1.48151 0.020718 295 285 -2 349.5 2 295.5 -2 374.75 2 345.25 -2 395.9 2 418.6 -2 411.4 2 424.1 -2 265 2 1
274.08 -2.78817 -0.00334555 10.6165 0.00491933 0.100868 0.333299 0.010792 296 286 -2 350.6 2 296.4 -2 375.8 2 346.2 -2 396.92 2 419.68 -2 412.32 2 425.08 -2 266 2 1
275.14 -2.79022 -0.00239305 10.5719 0.00259429 -0.0162756 -0.327478 0.016277 297 287 -2 351.7 2 297.3 -2 376.85 2 347.15 -2 397.94 2 420.76 -2 413.24 2 426.06 -2 267 2 1
276.193 -2.79267 -0.00223746 10.5289 0.00284254 0.00169357 -0.325084 0.014308 298 288 -2 352.8 2 298.2 -2 377.9 2 348.1 -2 398.96 2 421.84 -2 414.16 2 427.04 -2 268 2 1
277.241 -2.79469 -0.00194336 10.4627 0.00279121 -0.000963023 -0.547184 0.004948 299 289 -2 353.9 2 299.1 -2 378.95 2 349.05 -2 399.98 2 422.92 -2 415.08 2 428.02 -2 269 2 1
278.282 -2.79647 -0.00179079 10.4346 0.000311533 -0.0196992 -0.209006 0.010214 300 290 -2 355 2 300 -2 380 2 350 -2 401 2 424 -2 416 2 429 -2 270 2 1
279.324 -2.79851 -0.00186299 10.4308 0.000724186 0.00455378 0.0109527 0.00776 301 291 -2 356.1 2 300.9 -2 381.05 2 350.95 -2 402.02 2 425.08 -2 416.92 2 429.98 -2 271 2 1
280.369 -2.80038 -0.00186484 10.481 -0.00117392 -0.0145848 0.510216 0.008184 302 292 -2 357.2 2 301.8 -2 382.1 2 351.9 -2 403.04 2 426.16 -2 417.84 2 430.96 -2 272 2 1
281.427 -2.80267 -0.00214728 10.6246 -0.00257683 -0.0103144 1.42417 0.009406 303 293 -2 358.3 2 302.7 -2 383.15 2 352.85 -2 404.06 2 427.24 -2 418.76 2 431.94 -2 273 2 1
282.497 -2.80526 -0.002186 10.6195 0.00320537 0.0525566 0.0426093 0.011085 304 294 -2 359.4 2 303.6 -2 384.2 2 353.8 -2 405.08 2 428.32 -2 419.68 2 432.92 -2 274 2 1
283.557 -2.8061 0.000177618 10.5827 0.0382848 0.29741 -0.258393 0.007206 305 295 -2 360.5 2 304.5 -2 385.25 2 354.75 -2 406.1 2 429.4 -2 420.6 2 433.9 -2 275 2 1
284.612 -2.79806 0.00774337 10.5587 0.0779507 0.339921 -0.146946 0.008181 306 296 -2 361.6 2 305.4 -2 386.3 2 355.7 -2 407.12 2 430.48 -2 421.52 2 434.88 -2 276 2 1
285.668 -2.77794 0.0181795 10.5837 0.0911064 0.113471 0.305184 0.009624 307 297 -2 362.7 2 306.3 -2 387.35 2 356.65 -2 408.14 2 431.56 -2 422.44 2 435.86 -2 277 2 1
286.737 -2.74779 0.027809 10.7837 0.088327 -0.0373113 2 0.018099 308 298 -2 363.8 2 307.2 -2 388.4 2 357.6 -2 409.16 2 432.64 -2 423.36 2 436.84 -2 278 2 1
287.834 -2.70769 0.0375016 10.9837 0.108305 0.152966 2 0.005689 309 299 -2 364.9 2 308.1 -2 389.45 2 358.55 -2 410.18 2 433.72 -2 424.28 2 437.82 -2 279 2 1
288.952 -2.65195 0.0496802 11.1837 0.11529 0.0390649 2 0.005108 310 300 -2 366 2 309 -2 390.5 2 359.5 -2 411.2 2 434.8 -2 425.2 2 438.8 -2 280 2 1
290.088 -2.58174 0.0619478 11.3837 0.123076 0.044027 2 0.005095 311 301 -2 367.1 2 309.9 -2 391.55 2 360.45 -2 412.22 2 435.88 -2 426.12 2 439.78 -2 281 2 1
291.243 -2.49528 0.0747315 11.5837 0.124813 -0.00705288 2 0.005465 312 302 -2 368.2 2 310.8 -2 392.6 2 361.4 -2 413.24 2 436.96 -2 427.04 2 440.76 -2 282 2 1
292.417 -2.39272 0.0872805 11.7837 0.124432 -0.0258488 2 0.005635 313 303 -2 369.3 2 311.7 -2 393.65 2 362.35 -2 414.26 2 438.04 -2 427.96 2 441.74 -2 283 2 1
293.61 -2.27374 0.0995563 11.9837 0.121464 -0.0483785 2 0.005593 314 304 -2 370.4 2 312.6 -2 394.7 2 363.3 -2 415.28 2 439.12 -2 428.88 2 442.72 -2 284 2 1
294.821 -2.13855 0.111319 12.1837 0.116749 -0.0641128 2 0.005835 315 305 -2 371.5 2 313.5 -2 395.75 2 364.25 -2 416.3 2 440.2 -2 429.8 2 443.7 -2 285 2 1
296.05 -1.98745 0.122404 12.3837 0.109679 -0.0842684 2 0.006507 316 306 -2 372.6 2 314.4 -2 396.8 2 365.2 -2 417.32 2 441.28 -2 430.72 2 444.68 -2 286 2 1
297.297 -1.82123 0.132574 12.5837 0.100789 -0.0997532 2 0.006397 317 307 -2 373.7 2 315.3 -2 397.85 2 366.15 -2 418.34 2 442.36 -2 431.64 2 445.66 -2 287 2 1
298.563 -1.64081 0.141681 12.7837 0.0902502 -0.113397 2 0.006595 318 308 -2 374.8 2 316.2 -2 398.9 2 367.1 -2 419.36 2 443.44 -2 432.56 2 446.64 -2 288 2 1
299.847 -1.44739 0.149606 12.9837 0.0787792 -0.121134 2 0.006508 319 309 -2 375.9 2 317.1 -2 399.95 2 368.05 -2 420.38 2 444.52 -2 433.48 2 447.62 -2 289 2 1
301.149 -1.24223 0.156344 13.1837 0.0674515 -0.120733 2 0.00689 320 310 -2 377 2 318 -2 401 2 369 -2 421.4 2 445.6 -2 434.4 2 448.6 -2 290 2 1
302.47 -1.02655 0.161874 13.3837 0.0544842 -0.133118 2 0.006492 321 311 -2 378.1 2 318.9 -2 402.05 2 369.95 -2 422.42 2 446.68 -2 435.32 2 449.58 -2 291 2 1
303.809 -0.802207 0.165982 13.5763 0.0406401 -0.138944 1.89812 0.006687 322 312 -2 379.2 2 319.8 -2 403.1 2 370.9 -2 423.44 2 447.76 -2 436.24 2 450.56 -2 292 2 1
305.166 -0.571197 0.168664 13.7585 0.0268451 -0.137512 1.79722 0.006021 323 313 -2 380.3 2 320.7 -2 404.15 2 371.85 -2 424.46 2 448.84 -2 437.16 2 451.54 -2 293 2 1
306.54 -0.335448 0.170021 13.9316 0.0140911 -0.129082 1.70711 0.006317 324 314 -2 381.4 2 321.6 -2 405.2 2 372.8 -2 425.48 2 449.92 -2 438.08 2 452.52 -2 294 2 1
307.929 -0.0966934 0.170111 14.0956 0.000463094 -0.133862 1.61828 0.005906 325 315 -2 382.5 2 322.5 -2 406.25 2 373.75 -2 426.5 2 451 -2 439 2 453.5 -2 295 2 1
309.334 0.142816 0.168791 14.2507 -0.0132512 -0.132141 1.53202 0.006259 326 316 -2 383.6 2 323.4 -2 407.3 2 374.7 -2 427.52 2 452.08 -2 439.92 2 454.48 -2 296 2 1
310.755 0.380985 0.166117 14.3977 -0.0264969 -0.125933 1.45277 0.005978 327 317 -2 384.7 2 324.3 -2 408.35 2 375.65 -2 428.54 2 453.16 -2 440.84 2 455.46 -2 297 2 1
312.19 0.615836 0.162231 14.5376 -0.0379804 -0.111128 1.38282 0.006268 328 318 -2 385.8 2 325.2 -2 409.4 2 376.6 -2 429.56 2 454.24 -2 441.76 2 456.44 -2 298 2 1
313.639 0.845785 0.157329 14.6708 -0.0485745 -0.102484 1.31725 0.005909 329 319 -2 386.9 2 326.1 -2 410.45 2 377.55 -2 430.58 2 455.32 -2 442.68 2 457.42 -2 299 2 1
315.102 1.06912 0.151417 14.7973 -0.0590691 -0.0983344 1.25229 0.006836 330 320 -2 388 2 327 -2 411.5 2 378.5 -2 431.6 2 456.4 -2 443.6 2 458.4 -2 300 2 1
316.579 1.28402 0.144491 14.9176 -0.0689695 -0.0899684 1.19085 0.00626 331 321 -2 389.1 2 327.9 -2 412.55 2 379.45 -2 432.62 2 457.48 -2 444.52 2 459.38 -2 301 2 1
318.068 1.48889 0.136649 15.0321 -0.0779605 -0.0787276 1.13362 0.006262 332 322 -2 390.2 2 328.8 -2 413.6 2 380.4 -2 433.64 2 458.56 -2 445.44 2 460.36 -2 302 2 1
319.57 1.68231 0.128074 15.1415 -0.084551 -0.0588901 1.08344 0.005963 333 323 -2 391.3 2 329.7 -2 414.65 2 381.35 -2 434.66 2 459.64 -2 446.36 2 461.34 -2 303 2 1
321.085 1.86343 0.119056 15.2462 -0.0892296 -0.0433061 1.03684 0.00595 334 324 -2 392.4 2 330.6 -2 415.7 2 382.3 -2 435.68 2 460.72 -2 447.28 2 462.32 -2 304 2 1
322.61 2.03152 0.109682 15.3462 -0.0935592 -0.036256 0.989136 0.00627 335 325 -2 393.5 2 331.5 -2 416.75 2 383.25 -2 436.7 2 461.8 -2 448.2 2 463.3 -2 305 2 1
324.147 2.18566 0.0999379 15.4415 -0.0969983 -0.0248312 0.94313 0.006245 336 326 -2 394.6 2 332.4 -2 417.8 2 384.2 -2 437.72 2 462.88 -2 449.12 2 464.28 -2 306 2 1
325.694 2.32525 0.0899566 15.5325 -0.0991891 -0.0105056 0.899071 0.00627 337 327 -2 395.7 2 333.3 -2 418.85 2 385.15 -2 438.74 2 463.96 -2 450.04 2 465.26 -2 307 2 1
327.252 2.44994 0.0798961 15.6193 -0.0998293 0.0059562 0.856423 0.006225 338 328 -2 396.8 2 334.2 -2 419.9 2 386.1 -2 439.76 2 465.04 -2 450.96 2 466.24 -2 308 2 1
328.818 2.55972 0.070006 15.7025 -0.0973326 0.0262529 0.817702 0.006033 339 329 -2 397.9 2 335.1 -2 420.95 2 387.05 -2 440.78 2 466.12 -2 451.88 2 467.22 -2 309 2 1
330.394 2.65528 0.0605533 15.7817 -0.0942176 0.0331733 0.776731 0.005961 340 330 -2 399 2 336 -2 422 2 388 -2 441.8 2 467.2 -2 452.8 2 468.2 -2 310 2 1
331.978 2.73691 0.0514754 15.8569 -0.090455 0.0409897 0.735419 0.006265 341 331 -2 400.1 2 336.9 -2 423.05 2 388.95 -2 442.82 2 468.28 -2 453.72 2 469.18 -2 311 2 1
333.569 2.80517 0.0428577 15.928 -0.0856626 0.0503214 0.694895 0.006234 342 332 -2 401.2 2 337.8 -2 424.1 2 389.9 -2 443.84 2 469.36 -2 454.64 2 470.16 -2 312 2 1
335.168 2.86087 0.0348334 15.9954 -0.0796168 0.0590747 0.655531 0.012273 343 333 -2 402.3 2 338.7 -2 425.15 2 390.85 -2 444.86 2 470.44 -2 455.56 2 471.14 -2 313 2 1
336.774 2.90508 0.0275644 16.059 -0.0718088 0.0615596 0.618522 0.005659 344 334 -2 403.4 2 339.6 -2 426.2 2 391.8 -2 445.88 2 471.52 -2 456.48 2 472.12 -2 314 2 1
338.385 2.93921 0.0211235 16.119 -0.0648166 0.0533014 0.581648 0.006282 345 335 -2 404.5 2 340.5 -2 427.25 2 392.75 -2 446.9 2 472.6 -2 457.4 2 473.1 -2 315 2 1
340.003 2.96407 0.0153589 16.1754 -0.0574674 0.0484004 0.546719 0.006234 346 336 -2 405.6 2 341.4 -2 428.3 2 393.7 -2 447.92 2 473.68 -2 458.32 2 474.08 -2 316 2 1
341.626 2.98085 0.0102867 16.2284 -0.0513265 0.0332921 0.512941 0.005841 347 337 -2 406.7 2 342.3 -2 429.35 2 394.65 -2 448.94 2 474.76 -2 459.24 2 475.06 -2 317 2 1
343.254 2.9902 0.0056461 16.2781 -0.0476259 0.0159857 0.480227 0.001938 348 338 -2 407.8 2 343.2 -2 430.4 2 395.6 -2 449.96 2 475.84 -2 460.16 2 476.04 -2 318 2 1
344.886 2.99222 0.00116731 16.3246 -0.0456504 0.00486503 0.448622 0.001878 349 339 -2 408.9 2 344.1 -2 431.45 2 396.55 -2 450.98 2 476.92 -2 461.08 2 477.02 -2 319 2 1
346.523 2.98697 -0.00325643 16.368 -0.0447999 -0.00126621 0.41802 0.00188 350 340 -2 410 2 345 -2 432.5 2 397.5 -2 452 2 478 -2 462 2 478 -2 320 2 1
348.164 2.97441 -0.00768288 16.4085 -0.0445798 -0.00355184 0.388672 0.001975 351 341 -2 411.1 2 345.9 -2 433.55 2 398.45 -2 453.02 2 479.08 -2 462.92 2 478.98 -2 321 2 1
349.809 2.95449 -0.0121313 16.4461 -0.0446087 -0.00312208 0.360997 0.001875 352 342 -2 412.2 2 346.8 -2 434.6 2 399.4 -2 454.04 2 480.16 -2 463.84 2 479.96 -2 322 2 1
351.457 2.92715 -0.016594 16.481 -0.0446162 -0.000975424 0.335345 0.001879 353 343 -2 413.3 2 347.7 -2 435.65 2 400.35 -2 455.06 2 481.24 -2 464.76 2 480.94 -2 323 2 1
353.108 2.8924 -0.0210468 16.5134 -0.0444314 0.00210686 0.31184 0.001873 354 344 -2 414.4 2 348.6 -2 436.7 2 401.3 -2 456.08 2 482.32 -2 465.68 2 481.92 -2 324 2 1
354.762 2.85028 -0.0254571 16.5436 -0.0439608 0.00557576 0.290388 0.001885 355 345 -2 415.5 2 349.5 -2 437.75 2 402.25 -2 457.1 2 483.4 -2 466.6 2 482.9 -2 325 2 1
356.419 2.80091 -0.0297899 16.5716 -0.0431653 0.0090764 0.270775 0.001884 356 346 -2 416.6 2 350.4 -2 438.8 2 403.2 -2 458.12 2 484.48 -2 467.52 2 483.88 -2 326 2 1
358.077 2.74446 -0.0340104 16.5977 -0.042041 0.012394 0.252752 0.001888 357 347 -2 417.7 2 351.3 -2 439.85 2 404.15 -2 459.14 2 485.56 -2 468.44 2 484.86 -2 327 2 1
359.739 2.68116 -0.0380866 16.622 -0.0406055 0.0154073 0.236081 0.001891 358 348 -2 418.8 2 352.2 -2 440.9 2 405.1 -2 460.16 2 486.64 -2 469.36 2 485.84 -2 328 2 1
361.402 2.61128 -0.0419895 16.6447 -0.0388881 0.0180541 0.220542 0.001933 359 349 -2 419.9 2 353.1 -2 441.95 2 406.05 -2 461.18 2 487.72 -2 470.28 2 486.82 -2 329 2 1
363.067 2.53514 -0.0456942 16.6659 -0.0369247 0.0203096 0.205935 0.001888 360 350 -2 421 2 354 -2 443 2 407 -2 462.2 2 488.8 -2 471.2 2 487.8 -2 330 2 1
364.733 2.45311 -0.04918 16.6857 -0.0347535 0.0221717 0.192058 0.001913 361 351 -2 422.1 2 354.9 -2 444.05 2 407.95 -2 463.22 2 489.88 -2 472.12 2 488.78 -2 331 2 1
366.401 2.36556 -0.0524297 16.704 -0.0324129 0.0236514 0.178688 0.001882 362 352 -2 423.2 2 355.8 -2 445.1 2 408.9 -2 464.24 2 490.96 -2 473.04 2 489.76 -2 332 2 1
368.071 2.27292 -0.0554304 16.721 -0.0299407 0.0247671 0.16554 0.001874 363 353 -2 424.3 2 356.7 -2 446.15 2 409.85 -2 465.26 2 492.04 -2 473.96 2 490.74 -2 333 2 1
369.742 2.1756 -0.0581725 16.7366 -0.0273731 0.0255395 0.152188 0.001904 364 354 -2 425.4 2 357.6 -2 447.2 2 410.8 -2 466.28 2 493.12 -2 474.88 2 491.72 -2 334 2 1
371.414 2.07407 -0.06065 16.7507 -0.0247448 0.0259871 0.137915 0.001923 365 355 -2 426.5 2 358.5 -2 448.25 2 411.75 -2 467.3 2 494.2 -2 475.8 2 492.7 -2 335 2 1
373.087 1.96876 -0.0628603 16.7631 -0.0220902 0.0261195 0.121356 0.00193 366 356 -2 427.6 2 359.4 -2 449.3 2 412.7 -2 468.32 2 495.28 -2 476.72 2 493.68 -2 336 2 1
374.761 1.86013 -0.0648044 16.7733 -0.0194459 0.025925 0.0997222 0.001936 367 357 -2 428.7 2 360.3 -2 450.35 2 413.65 -2 469.34 2 496.36 -2 477.64 2 494.66 -2 337 2 1
376.435 1.74864 -0.0664873 16.7801 -0.0168559 0.0253473 0.0672535 0.001885 368 358 -2 429.8 2 361.2 -2 451.4 2 414.6 -2 470.36 2 497.44 -2 478.56 2 495.64 -2 338 2 1
378.11 1.63474 -0.0679194 16.7816 -0.0143775 0.0242842 0.0147507 0.001929 369 359 -2 430.9 2 362.1 -2 452.45 2 415.55 -2 471.38 2 498.52 -2 479.48 2 496.62 -2 339 2 1
379.784 1.51886 -0.0691175 16.7755 -0.0120625 0.0227919 -0.0584017 0.009021 370 360 -2 432 2 363 -2 453.5 2 416.5 -2 472.4 2 499.6 -2 480.4 2 497.6 -2 340 2 1
381.456 1.40144 -0.0701008 16.7617 -0.00991921 0.0212426 -0.132978 0.003985 371 361 -2 433.1 2 363.9 -2 454.55 2 417.45 -2 473.42 2 500.68 -2 481.32 2 498.58 -2 341 2 1
383.127 1.28286 -0.0708883 16.7394 -0.00797238 0.0194974 -0.215943 0.001878 372 362 -2 434.2 2 364.8 -2 455.6 2 418.4 -2 474.44 2 501.76 -2 482.24 2 499.56 -2 342 2 1
384.794 1.16346 -0.0714991 16.7106 -0.00619126 0.0180164 -0.279656 0.00186 373 363 -2 435.3 2 365.7 -2 456.65 2 419.35 -2 475.46 2 502.84 -2 483.16 2 500.54 -2 343 2 1
