7.000021480193404955e+01 -2.000000828018570598e+00
7.149421162113569039e+01 -2.000000953050860453e+00
7.298255859429602310e+01 -2.000001099012621353e+00
7.446552029897337377e+01 -2.000001269418613781e+00
7.594298624310752643e+01 -2.000001462998722612e+00
7.740362922675525681e+01 -2.000001516503836729e+00
7.887814133998428190e+01 -2.000001688435188996e+00
8.033761686183036943e+01 -2.000001935931571051e+00
8.084771727731103397e+01 -2.000006888242539915e+00
8.321193855808532192e+01 -2.000003116091804589e+00
8.461324776865899366e+01 -2.000002218819301181e+00
8.602122295842652022e+01 -2.000002617498778168e+00
8.741279727332963034e+01 -2.000003189663605685e+00
8.879093402589855089e+01 -2.000003585273809392e+00
9.014666066858966076e+01 -2.000002950677461033e+00
8.150966029652575173e+01 2.000517997994110786e+00
9.284567773116754097e+01 -1.998076746929959402e+00
9.416319610367420978e+01 -1.994931433991018244e+00
9.544725131348100433e+01 -1.991301895025155089e+00
9.558046235143922331e+01 -2.066274879937438858e+00
8.805546502118686192e+01 2.000635745065453719e+00
8.932820627051368945e+01 2.000877514328327500e+00
9.059855849001066019e+01 2.001089835713131926e+00
1.018736513453049355e+02 -1.916009138498124598e+00
1.031637416593881511e+02 -1.898036984494474888e+00
1.044168827432400093e+02 -1.880621600802841353e+00
1.156742064339737084e+02 1.933039220312458006e+00
1.169367182531462248e+02 1.961280193554046702e+00
1.181830035320899128e+02 -2.009445697749362214e+00
1.194410292709392252e+02 -1.996373303318693671e+00
1.207248437498773797e+02 -2.005327113348880808e+00
1.119888282436527760e+02 -1.619236111912717213e+00
1.232542022133318085e+02 2.000131084375035506e+00
1.245267401840324766e+02 -2.004892498668092937e+00
1.158101056441220464e+02 -1.403859681864407349e+00
1.270904329061318379e+02 -2.006294880327938124e+00
1.183830033295681119e+02 -1.235022863667720738e+00
1.196770920668481466e+02 -1.144397085427879546e+00
1.209763809038899609e+02 -1.050908000919631879e+00
1.222801994575665390e+02 -9.550711169807468703e-01
1.235875615302357176e+02 -8.588266350139275307e-01
1.248974242339687208e+02 -7.641348309834375963e-01
1.262085191389335961e+02 -6.756818277025095076e-01
1.275193268323355653e+02 -6.079601781895193069e-01
1.288717260009014751e+02 -5.332049315637787945e-01
1.401497813705257158e+02 -2.004212148036291996e+00
1.414685579145006500e+02 -2.003979561587401648e+00
1.427986099752715461e+02 -2.003769002265180177e+00
1.441399432708205950e+02 -2.003475454607134498e+00
1.454925092673072982e+02 -2.003050284678836501e+00
1.468560357165329719e+02 -2.002888390508921201e+00
1.482304694974846484e+02 -2.002813509453502228e+00
1.496157507313934616e+02 -2.002747682110292526e+00
1.510116031191749641e+02 -2.002685696801541848e+00
1.524176888543757968e+02 -2.002625960775697767e+00
1.538336326143300710e+02 -2.002566069487888178e+00
1.552590359468708243e+02 -2.002503540852744734e+00
1.566934909412047716e+02 -2.002436544035832267e+00
1.581365911961262327e+02 -2.002364280704653776e+00
1.595879376980406334e+02 -2.002286614904964068e+00
1.610471403777063699e+02 -2.002203145888121760e+00
1.625138188438443763e+02 -2.002112851157078044e+00
1.639876001085849282e+02 -2.002014940461907422e+00
1.654680923284209939e+02 -2.001910065899580982e+00
1.669547730064167581e+02 -2.001800404720561755e+00
1.684466794145718609e+02 -2.001688537373079502e+00
1.699423216202115725e+02 -2.001576432756746460e+00
1.714405042102359573e+02 -2.001465241277074814e+00
1.729408154978104051e+02 -2.001355592168660547e+00
1.744432006477777009e+02 -2.001247948038309410e+00
1.759476891607730238e+02 -2.001143028654560840e+00
1.774541351477642195e+02 -2.001044588790655165e+00
1.789637042218951706e+02 2.000254935888546637e+00
1.804741607095273821e+02 -2.000780565101093700e+00
1.819881281228634009e+02 -2.000524979541408843e+00
1.834971314913222784e+02 2.000866642887968450e+00
1.850132750784946154e+02 2.001068989244811469e+00
1.865310968369390707e+02 2.001251383041923404e+00
1.880515186395578837e+02 2.001407020271871673e+00
1.895754310051134439e+02 2.001532674400689604e+00
1.811041462483710234e+02 -4.744051607338724552e-01
1.826262432654247334e+02 -5.491995731749883536e-01
1.841431031415661721e+02 -6.184243665359464570e-01
1.856552455599760378e+02 -6.821793148009978047e-01
1.871627688164071515e+02 -7.405798272131708382e-01
1.886654893117799077e+02 -7.937679711592177112e-01
1.901632039335996751e+02 -8.419209736721852133e-01
1.916558228592974729e+02 -8.852474184782568312e-01
1.931433153118598796e+02 -9.239642357209296719e-01
1.946252087142261757e+02 -9.581219404923791982e-01
1.960884275522726057e+02 -9.824514665236740996e-01
1.975688889998793059e+02 -1.015009233641898989e+00
1.990349681151498658e+02 -1.039876369148612145e+00
2.104882845595524827e+02 2.001694542243558583e+00
2.119531050413074240e+02 2.001707993115483308e+00
2.034250668777301314e+02 -1.084037639630334837e+00
2.148890059488096824e+02 2.001684589443883500e+00
2.163603089661702370e+02 2.001674693705141284e+00
2.178395885556190876e+02 2.001656274773108368e+00
2.193230568497591548e+02 2.001649867841188257e+00
2.208371776619534046e+02 2.001475020317508680e+00
2.123278429122667035e+02 -1.009966885369130152e+00
2.237985975243795735e+02 2.001453484735672195e+00
2.052795083950481683e+02 -1.998976224566655580e+00
2.267380282552248332e+02 2.001391125509985880e+00
2.282091207626644689e+02 -1.998436346602212588e+00
2.096708838210331578e+02 -1.999310990912119834e+00
2.211190393734375448e+02 -7.761174170755210655e-01
2.225447010195242115e+02 -7.279309532230300306e-01
2.239491774169293024e+02 -6.815182911015555955e-01
2.153642402280560475e+02 -2.000418500723713411e+00
2.166970091736815789e+02 -1.999481581930304452e+00
2.180325118062305307e+02 -1.999336773999496275e+00
2.393294297993846271e+02 2.000978312201040943e+00
2.306925779292601817e+02 -4.541648662240229672e-01
2.320116676371752362e+02 -4.192683552309975359e-01
2.333321957164759510e+02 -3.822467661323190047e-01
2.346544002497159340e+02 -3.466940179534896416e-01
2.359788303267148422e+02 -3.089301514331310727e-01
2.472942269516532576e+02 2.000780563789112509e+00
2.386378515833893346e+02 -2.316552496056932253e-01
2.499720856957616490e+02 2.001116216444124074e+00
2.413074392334550851e+02 -1.478781474098462001e-01
2.426444734600346465e+02 -1.032747092800786748e-01
2.439834755732213978e+02 -5.703423472651632242e-02
2.453244202021746503e+02 -9.439487028209510994e-03
2.466672876312640312e+02 3.928954263906209859e-02
2.480120456480415498e+02 8.889881695444504239e-02
2.493586290723069681e+02 1.391088374866112642e-01
2.507068594352930120e+02 1.895690478249334454e-01
2.520560087129651663e+02 2.395473301423914625e-01
2.534014056062887335e+02 2.851650784486193246e-01
2.547997324459900028e+02 3.860896777073059005e-01
2.661128735844921493e+02 -2.001677442301388776e+00
2.674806108753305693e+02 -2.001718563600784151e+00
2.688630220580248533e+02 -2.001747204116231860e+00
2.702596441918640835e+02 -2.001764987221706260e+00
2.716700260959830757e+02 -2.001772411925033968e+00
2.730937224375812207e+02 -2.001769998765692726e+00
2.745302870109414926e+02 -2.001758292961997920e+00
2.659726709766581507e+02 6.548341820175099803e-01
2.774144669016966418e+02 -2.001709076793183772e+00
2.788623985840978889e+02 -2.001679520208709651e+00
2.803221819507256782e+02 -2.001643014715754898e+00
2.817926205615534627e+02 -2.001600201758192199e+00
2.832722521193198872e+02 -2.001551712056825583e+00
2.847598251972711978e+02 -2.001498174229884519e+00
2.862544978733500329e+02 -2.001440196385474657e+00
2.877556766280735019e+02 -2.001378369782594646e+00
2.892628818148481855e+02 -2.001313276341238456e+00
2.907756902469459419e+02 -2.001245492358759925e+00
2.922937137574524513e+02 -2.001175584538977592e+00
2.938165911372964274e+02 -2.001104109683975896e+00
2.953439853238674004e+02 -2.001031613078417593e+00
2.968755825891624340e+02 -2.000958629091948993e+00
2.984110923998800899e+02 -2.000885684645997920e+00
2.999502473935074818e+02 -2.000813307251236406e+00
3.014928032251576724e+02 -2.000742040445924630e+00
3.030385381788366885e+02 -2.000672471255646290e+00
3.045872525030317206e+02 -2.000605276653492304e+00
3.061387674657752314e+02 -2.000541297476140290e+00
3.076929241506268795e+02 -2.000481642793521697e+00
3.092495820471481238e+02 -2.000427797426286514e+00
3.108086175270338458e+02 -2.000381613962370686e+00
3.123699222829408200e+02 -2.000344900258033132e+00
3.039339452033513567e+02 -6.473565389485369526e-01
3.054868707205816918e+02 -7.379173325411202411e-01
3.070301686755010451e+02 -8.258260602970732833e-01
3.085646539472837162e+02 -9.104682392608960395e-01
3.100910608219430742e+02 -9.913663761805587837e-01
3.116100427295353938e+02 -1.068162220976862864e+00
3.231216814942222868e+02 -2.000137925715739229e+00
3.246395423599669243e+02 -2.000130318800743545e+00
3.261626953516966410e+02 -2.000120038046667936e+00
3.276907444335847117e+02 -2.000108198438236951e+00
3.292233116499647849e+02 -2.000095587282944898e+00
3.307600499528550699e+02 -2.000082734065389722e+00
3.323006483150730332e+02 -2.000069986744364314e+00
3.338448298084931025e+02 -2.000057571903752329e+00
3.253927777341802994e+02 -1.598480572590872173e+00
3.269314342740195229e+02 -1.641351833907618962e+00
3.284617874146236431e+02 -1.680881965168108172e+00
3.399839279475761487e+02 -2.000006594596938303e+00
3.415110770945452145e+02 -2.000002899898027930e+00
3.430425158433639581e+02 -1.999999329865194131e+00
3.445779805599359520e+02 -1.999995916041380051e+00
3.361175939499543688e+02 -1.835844290494033304e+00
3.476478947338574699e+02 -1.999988281922396416e+00
3.491826513625452435e+02 -1.999986524887483741e+00
3.507212208251590937e+02 -1.999984919764490776e+00
3.522633749933996228e+02 -1.999983503654274353e+00
3.538089001767203854e+02 -1.999982323229565040e+00
3.553575958671984836e+02 -1.999981440152756251e+00
3.569092735030824315e+02 -1.999980942140963114e+00
3.584637551259110069e+02 -1.999980961428356352e+00
3.600208716358582137e+02 -1.999981707007432163e+00
3.615804598820796514e+02 -1.999983521828844424e+00
3.631423557514360709e+02 -1.999986984766255249e+00
3.647063683967369343e+02 -1.999993088824737697e+00
3.662720996136552571e+02 -2.000003521738487500e+00
3.678350145510913194e+02 2.001160442803591621e+00
3.694203718564199903e+02 -1.999997207258001231e+00
3.709913162224586927e+02 -2.000073986515794378e+00
3.725566034809413622e+02 -2.000074095025639043e+00
3.741292653028472728e+02 2.001340260995998488e+00
3.657037481424635530e+02 -1.999816895456852706e+00
3.672639012056933439e+02 -1.999853171025506970e+00
3.688146505907685082e+02 -1.995975670624270837e+00
3.703565741743978492e+02 -1.985344354429908531e+00
3.718902168798366574e+02 -1.973713065743764039e+00
3.734160900235350482e+02 -1.961411063623854201e+00
3.749346723465428113e+02 -1.948719150970005476e+00
3.764464109518834789e+02 -1.935874552633930268e+00
3.779517220224568632e+02 -1.923075546107743561e+00
3.794509911976435887e+02 -1.910485873428450443e+00
3.809445734491712869e+02 -1.898238973692236709e+00
3.824327922423942141e+02 -1.886442056214544749e+00
3.839159376379239461e+02 -1.875179901906460334e+00
3.853942624277894424e+02 -1.864517873926739400e+00
3.868679727345003130e+02 -1.854502921382011227e+00
3.883371965401715329e+02 -1.845161080951124521e+00
3.898018285356031356e+02 -1.836487879395862111e+00
3.912600851107450808e+02 -1.828355805147356294e+00
3.926959312033607148e+02 -1.819565771783138386e+00
3.941894367356190969e+02 -1.816993539747374431e+00
3.956152734130879480e+02 -1.809392656155591084e+00
3.970513819165165614e+02 -1.803756745006583673e+00
3.984809123750720801e+02 -1.798540708155228041e+00
3.999022457244371935e+02 -1.793853139838037292e+00
3.913249275861288652e+02 -2.000097616977317472e+00
3.927282575334453441e+02 -2.000113258243165326e+00
3.941194577593709596e+02 -2.000128117401444250e+00
3.954992176015803693e+02 -2.000142819415564599e+00
3.968681842059878022e+02 -2.000158153183789533e+00
3.982269641322623102e+02 -2.000175117011611547e+00
3.995761249437533138e+02 -2.000194947317861960e+00
4.009161968196575572e+02 -2.000219091682793326e+00
4.022740399587252682e+02 2.000512841389439078e+00
4.035772111941963090e+02 2.000600600257774531e+00
4.148561553409419957e+02 -1.781935624104096894e+00
4.061435840745368751e+02 1.999588326691657869e+00
4.173507548669478524e+02 -1.761869815397576033e+00
4.086546569037029144e+02 1.999912408833137034e+00
4.098718585907506053e+02 1.999896140140758893e+00
4.110803443364117129e+02 2.000528044052050980e+00
4.122763638881137922e+02 -1.999637163571956755e+00
4.134599388431349212e+02 -1.999824771548396551e+00
4.146428673496563988e+02 -1.999996718246334959e+00
4.158251989386599234e+02 -2.000153116710259305e+00
4.169830818338936069e+02 1.998721332346392821e+00
4.181334756237710053e+02 1.998966582218060006e+00
4.192853522239672657e+02 -2.000144083315772203e+00
4.204130453943940893e+02 -2.000295240889265358e+00
4.215430707506580461e+02 -2.000433286684395018e+00
4.226753651448803453e+02 -2.000558927738223858e+00
4.238098703752535243e+02 -2.000672901937842862e+00
4.249465301570738234e+02 -2.000775947609601868e+00
4.260852879016146062e+02 -2.000868776340175792e+00
4.272260851779603854e+02 -2.000952049812045885e+00
4.283688607476935886e+02 -2.001026361134909504e+00
4.295135500748637014e+02 -2.001092221356463696e+00
4.306600852243736313e+02 -2.001150051991105183e+00
4.318083950710413887e+02 -2.001200184375046209e+00
4.329584057494324156e+02 -2.001242866345481985e+00
4.341100412813185585e+02 -2.001278276118162225e+00
4.352632243236218414e+02 -2.001306542372486508e+00
4.364178769851388324e+02 -2.001327768623029080e+00
4.375739216655721293e+02 -2.001342059199658685e+00
4.387312818755608532e+02 -2.001349543808656151e+00
4.398898830017349724e+02 -2.001350397839654516e+00
4.410496529863002593e+02 -2.001344856304015263e+00
4.422105228961698344e+02 -2.001333220366956489e+00
4.533292199375801488e+02 -1.083022288340349748e+00
4.445145377217668852e+02 -2.001275724513789100e+00
4.456588889231653070e+02 -2.001251393895369546e+00
4.468053023296154720e+02 -2.001223020571416988e+00
4.479536579069685445e+02 -2.001191003484168007e+00
4.491038439476802751e+02 -2.001155756227355642e+00
4.502557565594702851e+02 -2.001117699853776521e+00
4.514092989972792225e+02 -2.001077256185442632e+00
4.525643808238638144e+02 -2.001034842040113393e+00
4.537209168790568583e+02 -2.000990864663414026e+00
4.548788260299216404e+02 -2.000945718516211169e+00
4.560380296627967027e+02 -2.000899783470566629e+00
4.571984498619968917e+02 -2.000853424423811422e+00
4.783530335291025608e+02 2.003094190966964838e+00
4.595160408277791362e+02 -2.000628143693353511e+00
4.606735246107201647e+02 -2.000601462379218987e+00
4.618323270248480412e+02 -2.000574378238637596e+00
4.629923104212550129e+02 -2.000547231786604652e+00
4.641533180001652568e+02 -2.000520380947672372e+00
4.653151646465306612e+02 -2.000494218105818511e+00
4.864767944594832443e+02 2.004974106158608826e+00
4.876493480318798674e+02 2.004682413732180368e+00
4.888306493530927810e+02 2.004287513566521017e+00
4.700083809564765716e+02 -1.999833316209489453e+00
4.911884153340069474e+02 2.004361188666698546e+00
4.923726465784457105e+02 2.003892394471331606e+00
4.735404347548886221e+02 -1.999548352610713176e+00
4.947532950334323800e+02 2.003701420108221942e+00
4.959541712224053072e+02 2.003596334368667797e+00
4.971709823821946088e+02 2.003142423041492037e+00
4.784252767382027969e+02 -2.001303798226597763e+00
4.796295995162672057e+02 2.001550162037573521e+00
4.808687806435638095e+02 2.001652691073271484e+00
4.821238122147182139e+02 2.002014686404300470e+00
4.833922367317336466e+02 2.002131515681942364e+00
4.846729228306213599e+02 2.002430799404655737e+00
5.059618591552427915e+02 2.002582281143018950e+00
4.872619762887304091e+02 2.002832166252068280e+00
5.085669658516157483e+02 2.002239980835566868e+00
5.098817125443313785e+02 2.002050221522426288e+00
5.112053932621357717e+02 2.001872016304792279e+00
5.125382477102081111e+02 2.001704591618785223e+00
5.138802460556518099e+02 2.001548852932900857e+00
5.152310536433823245e+02 2.001403921434921518e+00
5.165900698181258122e+02 2.001267811191493440e+00
5.179565923054449286e+02 2.001138522434921185e+00
5.193300608803144769e+02 2.001014748417800693e+00
5.207102233902112403e+02 2.000895865843872024e+00
5.220971390861124064e+02 2.000781660235741555e+00
5.234910927887511889e+02 2.000672122079233617e+00
5.248925102274882875e+02 2.000567342723753583e+00
5.263018969415787751e+02 2.000467452571555782e+00
5.277197857737305640e+02 2.000372589493350173e+00
5.291466721477166857e+02 2.000282880824732601e+00
5.305829219250642836e+02 2.000198432228444290e+00
5.320286596699927486e+02 2.000119323062413024e+00
5.334836976709054852e+02 2.000045605081576028e+00
5.349487639084493367e+02 -1.997693904845391000e+00
5.364240512302885691e+02 1.999877990472842981e+00
5.379081977964833641e+02 1.999830098151695879e+00
5.393995038390656873e+02 1.999786751738825474e+00
5.408974753587979194e+02 1.999747870283489215e+00
5.424016578941814259e+02 1.999713351875537226e+00
5.439116387017917305e+02 1.999683074547500938e+00
5.454270478289001858e+02 1.999656900830226069e+00
5.369457245340130385e+02 1.699308199450928702e+00
5.384521796443086714e+02 1.782102581042656508e+00
5.399501797019405558e+02 1.857047862885611744e+00
5.414424801836851202e+02 1.926065107262155518e+00
5.429294668655594478e+02 1.989305197666821901e+00
5.444114929621468946e+02 1.999647363979894843e+00
5.458888739264696142e+02 1.999632472551471363e+00
5.473619051160084155e+02 1.999621262101926256e+00
5.488308642849268608e+02 1.999613429941456744e+00
5.502960121506082487e+02 1.999608689477591073e+00
5.517575931831886464e+02 1.999606768934163448e+00
5.532158363725478694e+02 1.999607410324781176e+00
5.546709559432432570e+02 1.999610368632721125e+00
5.561231519956326110e+02 1.999615411154803013e+00
5.575726110580488921e+02 1.999622316973125313e+00
5.590195065428098360e+02 1.999630876524749246e+00
5.504645298154725879e+02 1.999643387962734664e+00
5.618946636260565128e+02 1.999653789233702961e+00
5.533244449010855988e+02 1.999639027576112005e+00
5.547407549698692719e+02 1.999643586385221328e+00
5.561448987789221974e+02 1.999650570490645984e+00
5.575375814472193952e+02 1.999659532006811125e+00
5.589194636263706570e+02 1.999670102443922293e+00
5.602911645267271297e+02 1.999681973582162042e+00
5.616532648361381916e+02 1.999694884009492579e+00
5.630063093986614149e+02 1.999708609469723841e+00
5.743503153298930783e+02 1.999787585154177982e+00
5.756984775957280362e+02 1.999802790183439427e+00
5.770500330684309347e+02 1.999817875802883727e+00
5.784047561050645072e+02 1.999832770667835380e+00
5.797624323947192124e+02 1.999847409372305984e+00
5.811228587017731115e+02 1.999861732496693634e+00
5.824858430875240174e+02 1.999875686599812852e+00
5.838512054638475774e+02 1.999889224160460444e+00
5.852187781527699144e+02 1.999902303472166354e+00
5.865884061223047183e+02 1.999914888494792597e+00
5.879599467408806959e+02 1.999926948667818172e+00
5.893332691004815160e+02 1.999938458691699950e+00
5.907082530745120721e+02 1.999949398284337043e+00
5.920847882822073416e+02 1.999959751919268669e+00
5.934627730796348715e+02 1.999969508551261654e+00
5.948421136395090798e+02 1.999978661333806640e+00
5.962227231408515991e+02 1.999987207332107442e+00
5.976045210667990659e+02 1.999995147234464365e+00
5.989874325990289208e+02 2.000002485064420910e+00
6.003713880945990695e+02 2.000009227895684472e+00
6.017563226316034388e+02 2.000015385571531468e+00
6.031421756119081010e+02 2.000020970430178568e+00
6.045288904112858290e+02 2.000025997037379266e+00
6.059164140691193552e+02 2.000030481927377313e+00
6.073046970114017995e+02 2.000034443353102986e+00
6.086936928020126061e+02 2.000037901046455513e+00
6.100833579181828554e+02 2.000040875989272493e+00
6.114736515468788411e+02 2.000043390195552107e+00
6.128645353993555318e+02 2.000045466505321112e+00
6.142559735416550666e+02 2.000047128390453732e+00
6.156479322406696610e+02 1.994067063631277836e+00
6.170403800272306398e+02 1.988342679602130181e+00
6.184332872561474232e+02 1.983146784550403385e+00
6.198266260025543488e+02 1.978458486972579200e+00
6.212203699758246103e+02 1.974254333952172091e+00
6.226144944359465399e+02 1.970508956046481241e+00
6.240089760914694352e+02 1.967195637664882479e+00
6.254037929429672431e+02 1.964286818020298808e+00
6.267989244124803463e+02 1.961754525667960269e+00
6.281943511811582539e+02 1.959570754116657820e+00
6.295900550975821943e+02 1.957707781309716566e+00
6.309860191090125454e+02 1.956138438223018694e+00
6.323822271954298913e+02 1.954836331125826998e+00
6.337786643064514465e+02 1.953776021915179184e+00
6.351753163011185279e+02 1.952933170753444969e+00
6.365721698905584844e+02 1.952284645035947230e+00
6.379692125834521903e+02 1.951808598496862279e+00
6.393664326342374125e+02 1.951484524032181866e+00
6.407638189939001450e+02 1.951293283582604232e+00
6.421613612632318109e+02 1.951217118180860410e+00
6.435590496483459901e+02 1.951239641030440897e+00
6.449568749182490137e+02 1.951345816248978293e+00
6.463548283642119259e+02 1.951521925682207614e+00
6.477529017606570960e+02 1.951755525975785721e+00
6.491510873272126219e+02 1.952035397884563706e+00
6.505493776915616309e+02 1.952351489604361223e+00
6.519477658525785273e+02 1.952694855732511225e+00
6.633457394847287105e+02 2.000200046327027525e+00
6.647561507351609862e+02 2.000210958787234539e+00
6.561782350555756693e+02 1.953911027846165549e+00
6.575985022284171464e+02 1.954394721690416725e+00
6.590175555022368599e+02 1.954902187183764850e+00
6.604354651997723522e+02 1.955424184855947045e+00
6.618522971399578410e+02 1.955952767745804843e+00
6.632681128188844468e+02 1.956481194730523843e+00
6.646829695544513470e+02 1.957003854524411945e+00
6.760964613935605030e+02 2.000188811308249548e+00
6.775214051335819931e+02 2.000184226550694166e+00
6.789566554135997194e+02 2.000179029249177010e+00
6.804015996417223278e+02 2.000173307111250853e+00
6.818556619802898240e+02 2.000167137147135676e+00
6.833183011692905211e+02 2.000160588346586277e+00
6.847682258441933527e+02 -1.988596543837659381e+00
